10 148
7 25 106 116 225 428 466 690 716 865
7 25 42 52 204 338 417 609 658 780
3 61 222 238 497 753 822 826 845 909
3 61 126 205 241 341 361 601 613 958
3 61 94 174 310 505 570 757 877 925
3 29 110 246 489 745 826 858 869 910
3 29 101 185 222 318 574 857 909 917
3 29 101 185 222 318 574 841 849 901
3 29 101 174 389 506 681 694 718 814
3 29 101 169 305 478 574 601 661 781
3 29 101 169 210 302 558 817 841 901
3 29 101 122 169 182 302 558 817 974
3 29 45 198 330 434 626 650 774 961
3 29 45 197 250 329 398 590 649 821
3 13 126 190 462 718 798 814 1013 1017
3 13 118 406 490 678 730 826 838 1009
3 13 118 186 346 481 618 721 817 902
3 13 118 182 218 234 497 753 826 966
3 13 117 185 222 238 318 574 841 901
3 13 62 206 341 361 409 601 677 782
3 13 54 218 362 433 625 682 794 966
3 13 54 198 346 426 618 666 774 1009
3 13 53 222 489 745 814 857 921 965
3 13 53 198 346 426 618 666 774 961
3 13 53 197 345 366 414 606 681 773
3 13 53 85 153 238 389 645 798 873
3 13 49 193 342 362 410 602 678 769
3 13 30 110 174 309 473 569 725 782
3 13 30 46 206 373 441 633 693 782
3 5 126 414 486 686 726 822 846 1017
3 5 62 217 361 433 625 681 793 966
3 5 62 206 342 422 614 662 782 1017
3 5 57 222 457 502 721 750 862 926
3 5 57 206 342 422 614 662 782 961
3 5 57 201 502 758 849 878 926 929
3 5 57 201 369 446 638 689 793 809
3 5 57 94 158 302 497 566 745 793
3 5 57 89 225 393 502 657 750 865
3 5 57 89 158 393 502 657 750 798
3 5 57 89 110 118 481 737 865 926
3 5 57 89 110 118 414 670 798 993
3 5 30 110 182 217 313 569 854 910
3 5 30 57 217 366 438 630 686 793
3 5 30 46 198 329 433 625 649 774
3 5 30 46 54 249 454 710 889 953
3 5 30 46 54 198 505 761 838 902
3 5 25 105 177 478 734 830 849 905
3 5 25 105 177 222 318 574 849 905
3 5 25 62 222 361 433 625 681 798
3 5 25 41 201 369 446 638 689 777
3 5 25 41 193 334 438 630 654 769
3 5 14 57 201 342 422 614 662 777
3 5 14 54 198 345 425 617 665 774
3 5 14 25 54 105 214 425 681 854
3 5 14 25 54 105 214 342 598 937
3 5 14 25 54 105 169 470 726 809
3 5 14 25 54 86 233 406 662 873
3 5 14 25 54 86 233 361 617 918
3 5 14 25 54 86 150 489 745 790
3 5 14 25 41 118 201 438 694 841
3 5 14 25 41 118 201 329 585 950
3 5 14 25 41 118 182 457 713 822
3 5 14 25 41 73 246 393 649 886
3 5 14 25 41 73 246 374 630 905
3 5 14 22 57 102 217 422 678 857
3 5 14 22 57 102 217 345 601 934
3 5 14 22 57 102 166 473 729 806
3 5 14 22 57 89 230 409 665 870
3 5 14 22 57 89 230 358 614 921
3 5 14 22 57 89 153 486 742 793
3 5 14 22 38 121 198 441 697 838
3 5 14 22 38 121 198 326 582 953
3 5 14 22 38 121 185 454 710 825
3 5 9 254 382 638 926 942 974 1009
3 5 9 241 369 625 945 977 993 1022
3 5 9 126 497 753 881 926 942 974
3 5 9 126 414 481 686 721 817 846
3 5 9 126 241 369 625 958 990 1006
3 5 9 126 190 462 718 798 814 1009
3 5 9 113 510 766 894 945 977 993
3 5 9 113 433 689 817 977 993 1022
3 5 9 113 401 494 673 734 830 833
3 5 9 113 254 382 638 945 977 993
3 5 9 113 254 382 638 913 929 961
3 5 9 113 190 401 494 673 734 830
3 5 9 113 190 350 481 622 721 817
3 5 9 62 222 366 433 625 686 798
3 5 9 62 206 337 417 609 657 782
3 5 9 62 113 177 305 561 990 1006
3 5 9 62 94 110 497 753 881 910
3 5 9 62 94 110 398 654 782 1009
3 5 9 49 510 766 894 958 977 993
3 5 9 49 209 353 446 638 673 785
3 5 9 49 209 337 593 913 993 1022
3 5 9 49 193 350 430 622 670 769
3 5 9 49 126 190 318 574 977 993
3 5 9 49 81 401 657 785 993 1022
3 5 9 49 81 145 225 510 766 769
3 5 9 49 81 97 254 385 641 894
3 5 9 49 81 97 254 382 638 897
3 5 9 30 49 110 209 430 686 849
3 5 9 30 49 110 209 337 593 942
3 5 9 30 49 110 174 465 721 814
3 5 9 30 49 110 174 302 558 977
3 5 9 30 49 81 238 401 657 878
3 5 9 30 49 81 238 366 622 913
3 5 9 30 49 81 145 494 750 785
3 5 9 30 46 113 206 433 689 846
3 5 9 30 46 113 206 334 590 945
3 5 9 30 46 113 177 462 718 817
3 5 9 30 46 113 177 305 561 974
3 5 9 30 46 78 241 398 654 881
3 5 9 30 46 78 241 369 625 910
3 5 9 30 46 78 142 497 753 782
3 5 9 17 510 766 894 958 990 993
3 5 9 17 254 481 737 894 958 990
3 5 9 17 225 510 766 865 929 961
3 5 9 17 225 353 609 929 961 1022
3 5 9 17 225 353 609 897 958 990
3 5 9 17 126 225 353 609 958 990
3 5 9 17 97 510 766 894 929 961
3 5 9 17 97 417 673 801 961 1022
3 5 9 17 97 254 382 638 929 961
3 5 9 17 97 161 289 545 961 1022
3 5 9 17 97 161 193 510 766 769
3 5 9 17 62 97 222 417 673 862
3 5 9 17 62 97 222 350 606 929
3 5 9 17 62 97 161 478 734 801
3 5 9 17 62 97 161 289 545 990
3 5 9 17 62 94 225 414 670 865
3 5 9 17 62 94 225 353 609 926
3 5 9 17 62 94 158 481 737 798
3 5 9 17 62 94 158 286 542 993
3 5 9 17 33 510 766 894 958 961
3 5 9 17 33 449 705 833 897 1022
3 5 9 17 33 254 449 705 894 958
3 5 9 17 33 193 510 766 833 897
3 5 9 17 33 193 321 577 897 1022
3 5 9 17 33 126 193 446 702 833
3 5 9 17 33 126 193 321 577 958
3 5 9 17 33 126 190 449 705 830
3 5 9 17 33 126 190 318 574 961
3 5 9 17 33 65 510 766 894 897
3 5 9 17 33 65 385 641 769 1022
3 5 9 17 33 65 254 385 641 894
3 5 9 17 33 65 254 382 638 897
3 5 9 17 33 65 129 510 766 769
3 5 9 17 33 65 129 257 513 1022
