8
3 5 9 17 33 65 129 254
3 5 9 17 33 126 190 193
3 5 9 17 62 94 158 225
3 5 9 17 62 97 161 222
3 5 9 17 97 161 193 254
3 5 9 17 126 190 222 225
3 5 9 30 46 78 142 241
3 5 9 30 46 113 177 206
3 5 9 30 49 81 145 238
3 5 9 30 49 110 174 209
3 5 9 49 81 145 225 254
3 5 9 49 126 190 209 225
3 5 9 62 113 177 222 238
3 5 9 126 190 222 238 241
3 5 14 22 38 121 185 198
3 5 14 22 57 89 153 230
3 5 14 22 57 102 166 217
3 5 14 25 41 118 182 201
3 5 14 25 54 86 150 233
3 5 14 25 54 105 169 214
3 5 25 62 94 158 233 241
3 5 25 126 190 222 233 241
3 5 30 57 89 153 238 246
3 13 49 86 106 154 166 193
3 13 53 89 110 158 169 197
3 29 46 86 121 154 181 205
3 29 101 122 169 182 206 209
