8 313
3 5 14 22 38 70 134 249
3 5 14 22 38 121 185 198
3 5 14 22 57 89 153 230
3 5 14 22 57 102 166 217
3 5 14 22 102 134 185 217
3 5 14 22 121 153 166 198
3 5 14 25 41 73 137 246
3 5 14 25 41 118 182 201
3 5 14 25 54 86 150 233
3 5 14 25 54 105 169 214
3 5 14 25 105 137 182 214
3 5 14 25 118 150 169 201
3 5 14 54 70 89 150 233
3 5 14 54 70 134 217 233
3 5 14 54 86 134 153 233
3 5 14 57 73 86 153 230
3 5 14 57 73 137 214 230
3 5 14 57 89 137 150 230
3 5 14 118 134 153 169 201
3 5 14 121 137 150 166 198
3 5 30 38 41 78 142 241
3 5 30 38 41 113 177 206
3 5 30 38 70 105 142 241
3 5 30 38 70 134 233 241
3 5 30 38 78 134 169 241
3 5 30 46 70 73 142 241
3 5 30 46 70 134 201 241
3 5 30 46 78 134 137 241
3 5 30 57 89 153 238 246
3 5 30 110 134 137 177 209
3 5 62 70 73 81 158 225
3 5 62 70 73 142 209 225
3 5 62 70 134 201 209 225
3 5 62 78 134 137 209 225
3 5 62 94 134 137 145 225
3 5 62 121 185 222 238 246
3 5 126 134 137 145 161 193
3 5 126 142 153 169 201 246
3 5 126 158 185 217 238 246
3 5 126 190 198 201 209 225
3 5 126 190 206 217 233 246
3 5 126 190 222 230 233 241
3 5 126 190 222 238 246 249
3 5 9 17 33 65 129 254
3 5 9 17 33 126 190 193
3 5 9 17 62 94 158 225
3 5 9 17 62 97 161 222
3 5 9 17 97 129 190 222
3 5 9 17 97 161 193 254
3 5 9 17 126 158 161 193
3 5 9 17 126 190 222 225
3 5 9 30 46 78 142 241
3 5 9 30 46 113 177 206
3 5 9 30 49 81 145 238
3 5 9 30 49 110 174 209
3 5 9 30 110 142 177 209
3 5 9 30 113 145 174 206
3 5 9 49 65 94 145 238
3 5 9 49 65 129 222 238
3 5 9 49 65 145 161 254
3 5 9 49 81 97 129 254
3 5 9 49 81 129 158 238
3 5 9 49 81 145 225 254
3 5 9 49 126 190 209 225
3 5 9 62 78 81 158 225
3 5 9 62 78 142 209 225
3 5 9 62 94 142 145 225
3 5 9 62 113 177 222 238
3 5 9 113 129 158 174 206
3 5 9 113 129 190 222 238
3 5 9 113 145 161 193 254
3 5 9 113 145 190 222 225
3 5 9 113 177 193 222 238
3 5 9 113 177 209 225 254
3 5 9 126 142 145 161 193
3 5 9 126 158 177 209 238
3 5 9 126 190 206 209 225
3 5 9 126 190 222 238 241
3 5 25 33 46 73 137 246
3 5 25 33 46 118 182 201
3 5 25 33 65 110 137 246
3 5 25 33 65 129 238 246
3 5 25 33 65 137 145 254
3 5 25 33 73 81 129 254
3 5 25 33 73 129 174 246
3 5 25 33 73 137 209 254
3 5 25 33 126 190 201 209
3 5 25 41 49 65 129 254
3 5 25 41 49 126 190 193
3 5 25 41 65 78 137 246
3 5 25 41 65 129 206 246
3 5 25 41 65 137 177 254
3 5 25 41 73 113 129 254
3 5 25 41 73 129 142 246
3 5 25 41 73 137 241 254
3 5 25 62 94 158 233 241
3 5 25 97 137 145 190 222
3 5 25 97 161 193 238 246
3 5 25 105 113 129 190 222
3 5 25 105 129 142 182 214
3 5 25 105 169 201 241 254
3 5 25 126 190 222 233 241
3 5 57 65 78 86 153 230
3 5 57 65 78 137 214 230
3 5 57 65 94 153 238 246
3 5 57 65 129 206 214 230
3 5 57 65 129 222 238 246
3 5 57 65 137 145 161 254
3 5 57 65 137 177 222 238
3 5 57 65 153 161 238 246
3 5 57 65 153 169 177 254
3 5 57 73 81 97 129 254
3 5 57 73 113 129 222 238
3 5 57 73 129 142 214 230
3 5 57 73 153 169 241 254
3 5 57 89 97 129 238 246
3 5 57 89 105 113 129 254
3 5 57 89 105 137 241 254
3 5 57 89 129 142 150 230
3 5 57 89 129 158 238 246
3 5 57 89 153 225 238 246
3 5 57 89 153 233 241 254
3 5 57 126 190 201 209 225
3 5 57 126 190 217 233 241
3 5 121 129 142 150 166 198
3 5 121 129 190 222 238 246
3 5 121 137 145 161 193 254
3 5 121 137 158 174 206 241
3 5 121 137 177 209 225 254
3 5 121 137 190 222 238 241
3 5 121 153 161 201 209 254
3 5 121 153 169 177 193 254
3 5 121 153 169 201 241 254
3 5 121 153 190 222 233 241
3 5 121 185 193 206 214 230
3 5 121 185 193 222 238 246
3 5 121 185 201 209 225 254
3 5 121 185 201 222 238 241
3 5 121 185 217 225 238 246
3 5 121 185 217 233 241 254
3 13 54 81 106 154 161 198
3 13 54 90 97 145 170 198
3 13 30 46 78 142 245 249
3 13 62 85 105 153 165 206
3 13 126 190 222 238 245 249
3 13 49 65 133 137 222 238
3 13 49 65 145 161 246 250
3 13 49 69 73 94 145 238
3 13 49 69 73 129 222 238
3 13 49 69 133 201 222 238
3 13 49 69 145 161 182 250
3 13 49 81 97 118 133 250
3 13 49 81 97 129 246 250
3 13 49 81 133 137 158 238
3 13 49 81 145 225 246 250
3 13 49 86 106 154 166 193
3 13 113 133 137 158 174 206
3 13 113 145 161 193 246 250
3 13 113 177 209 225 246 250
3 13 21 25 33 65 129 254
3 13 21 25 33 126 190 193
3 13 21 25 62 94 158 225
3 13 21 25 62 97 161 222
3 13 21 25 97 129 190 222
3 13 21 25 126 158 161 193
3 13 21 33 38 69 133 250
3 13 21 33 38 122 186 197
3 13 21 33 65 102 133 250
3 13 21 33 65 129 230 250
3 13 21 33 65 133 153 254
3 13 21 33 69 89 129 254
3 13 21 33 69 129 166 250
3 13 21 33 69 133 217 254
3 13 21 37 57 65 129 254
3 13 21 37 57 126 190 193
3 13 21 37 65 70 133 250
3 13 21 37 65 129 198 250
3 13 21 37 65 133 185 254
3 13 21 37 69 121 129 254
3 13 21 37 69 129 134 250
3 13 21 37 69 133 249 254
3 13 21 97 133 153 190 222
3 13 21 97 161 193 230 250
3 13 21 101 129 134 186 218
3 13 21 101 165 197 249 254
3 13 53 57 65 129 222 238
3 13 53 65 70 90 149 234
3 13 53 65 70 133 218 234
3 13 53 65 129 198 218 234
3 13 53 65 149 165 185 254
3 13 53 69 129 134 218 234
3 13 53 69 149 165 249 254
3 13 53 85 101 121 129 254
3 13 53 85 101 133 249 254
3 13 53 85 129 134 154 234
3 13 53 85 149 229 249 254
3 13 53 89 110 158 169 197
3 13 53 94 105 153 174 197
3 13 117 121 129 158 174 206
3 13 117 121 129 190 222 238
3 13 117 129 134 154 170 202
3 13 117 149 165 197 249 254
3 13 117 181 213 229 249 254
3 29 46 86 121 154 181 205
3 29 46 101 122 169 182 206
3 29 110 113 165 186 201 214
3 29 110 142 165 186 201 214
3 29 62 94 158 229 233 241
3 29 62 94 158 237 245 249
3 29 126 190 222 237 245 249
3 29 101 105 113 129 190 222
3 29 101 122 169 182 206 209
3 29 101 122 174 177 201 214
3 29 101 133 169 182 206 209
3 29 101 133 174 177 201 214
3 29 45 49 65 129 246 250
3 29 45 53 57 65 129 254
3 29 45 53 57 126 190 193
3 29 45 53 65 133 185 254
3 29 45 53 69 121 129 254
3 29 45 53 69 133 249 254
3 29 45 65 70 74 141 242
3 29 45 65 70 133 202 242
3 29 45 65 78 141 246 250
3 29 45 65 129 198 202 242
3 29 45 65 129 206 246 250
3 29 45 65 141 177 246 250
3 29 45 65 141 181 185 254
3 29 45 69 129 134 202 242
3 29 45 69 141 181 249 254
3 29 45 77 113 129 246 250
3 29 45 77 117 121 129 254
3 29 45 77 117 133 249 254
3 29 45 77 129 134 138 242
3 29 45 77 129 142 246 250
3 29 45 77 141 241 246 250
3 29 45 77 141 245 249 254
3 29 109 117 121 129 190 222
3 29 109 129 134 138 178 210
3 29 109 173 205 245 249 254
3 61 126 190 197 201 209 225
3 61 126 190 221 237 245 249
3 61 93 97 129 230 234 242
3 61 93 97 129 238 246 250
3 61 93 101 105 113 129 254
3 61 93 101 121 129 238 246
3 61 93 109 113 129 246 250
3 61 93 109 117 121 129 254
3 61 93 109 117 133 249 254
3 61 93 109 141 245 249 254
3 61 93 129 134 138 146 226
3 61 93 129 158 238 246 250
3 61 93 157 225 230 234 242
3 61 93 157 237 245 249 254
3 125 189 193 198 202 210 226
3 125 189 193 222 238 246 250
3 125 189 197 201 209 225 254
3 125 189 197 206 214 230 249
3 125 189 197 217 233 241 254
3 125 189 197 222 238 246 249
3 125 189 205 209 229 233 254
3 125 189 205 213 217 225 254
3 125 189 205 213 229 249 254
3 125 189 205 222 238 245 249
3 125 189 221 225 230 234 242
3 125 189 221 225 238 246 250
3 125 189 221 229 233 241 254
3 125 189 221 229 238 246 249
3 125 189 221 237 241 246 250
3 125 189 221 237 245 249 254
7 25 42 52 76 140 210 225
7 25 42 52 82 146 204 225
7 25 42 52 97 161 204 210
7 25 42 67 116 146 161 204
7 25 42 73 116 140 161 210
7 25 42 74 116 140 146 225
7 25 42 76 82 138 180 225
7 25 42 76 97 137 180 210
7 25 42 82 97 131 180 204
7 25 42 116 180 204 210 225
7 25 106 116 140 146 161 193
7 25 106 116 140 178 210 225
7 25 106 116 146 172 204 225
7 25 99 137 145 154 188 220
7 25 99 163 195 229 238 246
7 57 90 100 140 148 162 193
7 57 90 100 156 162 201 209
7 57 90 100 156 170 178 193
7 57 90 105 116 140 162 209
7 57 90 106 116 140 178 193
7 57 90 108 113 148 162 201
7 57 90 108 114 148 170 193
7 57 90 108 116 156 162 193
15 51 60 85 149 214 217 229
15 51 60 85 149 218 230 233
15 51 124 188 213 218 230 233
15 51 85 89 110 158 173 195
15 51 85 90 147 182 185 227
15 51 85 90 147 188 230 233
15 51 85 99 124 165 214 217
15 51 85 101 122 182 185 195
15 51 85 102 135 158 173 203
15 51 85 102 135 188 218 233
15 51 85 135 153 188 218 233
15 51 85 147 165 188 230 233
15 51 85 149 195 218 230 233
15 115 124 149 154 166 198 233
15 115 124 149 154 169 201 230
15 115 124 149 165 186 198 201
15 115 124 149 166 169 197 218
15 115 124 149 186 218 230 233
15 115 124 181 186 198 217 233
15 115 124 181 186 201 214 230
