9
3 5 9 17 33 65 129 257 510
3 5 9 17 33 65 254 382 385
3 5 9 17 33 126 190 318 449
3 5 9 17 33 126 193 321 446
3 5 9 17 33 193 321 385 510
3 5 9 17 33 254 382 446 449
3 5 9 17 62 94 158 286 481
3 5 9 17 62 94 225 353 414
3 5 9 17 62 97 161 289 478
3 5 9 17 62 97 222 350 417
3 5 9 17 97 161 289 449 510
3 5 9 17 97 254 382 417 449
3 5 9 17 126 225 353 446 478
3 5 9 17 225 353 417 449 510
3 5 9 17 254 382 446 478 481
3 5 9 30 46 78 241 369 398
3 5 9 30 46 113 177 305 462
3 5 9 30 46 113 206 334 433
3 5 9 30 49 81 145 273 494
3 5 9 30 49 81 238 366 401
3 5 9 30 49 110 174 302 465
3 5 9 30 49 110 209 337 430
3 5 9 49 81 97 254 382 385
3 5 9 49 126 190 318 465 481
3 5 9 49 209 337 401 481 510
3 5 9 49 254 382 446 465 481
3 5 9 62 113 177 305 478 494
3 5 9 113 177 305 449 478 494
3 5 9 113 177 305 465 481 510
3 5 9 113 254 382 433 465 481
3 5 9 126 241 369 446 478 494
3 5 14 22 38 121 185 313 454
3 5 14 22 38 121 198 326 441
3 5 14 22 57 89 230 358 409
3 5 14 22 57 102 166 294 473
3 5 14 22 57 102 217 345 422
3 5 14 25 41 73 246 374 393
3 5 14 25 41 118 182 310 457
3 5 14 25 41 118 201 329 438
3 5 14 25 54 86 233 361 406
3 5 14 25 54 105 169 297 470
3 5 14 25 54 105 214 342 425
3 5 25 97 174 214 310 334 385
3 5 25 105 177 222 318 337 393
3 5 30 46 54 198 326 390 505
3 5 30 46 54 249 377 441 454
3 5 30 102 169 209 305 329 390
3 5 30 110 182 217 313 342 398
3 5 57 94 174 241 310 361 409
3 5 57 94 201 246 337 366 414
3 5 57 126 190 318 457 465 481
3 5 57 126 190 318 473 489 497
3 5 57 201 246 337 366 414 417
3 5 62 94 230 358 398 406 505
3 5 62 206 241 342 361 409 422
3 5 62 249 377 441 462 470 486
3 13 21 97 166 218 314 326 385
3 13 30 110 181 217 313 341 398
3 13 53 89 110 158 286 425 453
3 13 53 89 238 366 414 425 453
3 29 45 78 197 250 329 374 398
3 29 101 122 169 209 305 329 390
3 29 101 250 378 425 438 462 465
7 25 97 170 180 204 300 338 385
