7 67
3 5 14 22 38 70 121
3 5 14 22 57 89 102
3 5 14 25 41 73 118
3 5 14 25 54 86 105
3 5 14 54 70 89 105
3 5 14 57 73 86 102
3 5 30 38 41 78 113
3 5 30 38 70 105 113
3 5 30 46 70 73 113
3 5 30 57 89 110 118
3 5 62 70 73 81 97
3 5 62 78 89 105 118
3 5 62 94 102 105 113
3 5 62 94 110 118 121
3 5 9 17 33 65 126
3 5 9 17 62 94 97
3 5 9 30 46 78 113
3 5 9 30 49 81 110
3 5 9 49 65 94 110
3 5 9 49 81 97 126
3 5 9 62 78 81 97
3 5 9 62 94 110 113
3 5 25 33 46 73 118
3 5 25 33 65 110 118
3 5 25 33 73 81 126
3 5 25 41 49 65 126
3 5 25 41 65 78 118
3 5 25 41 73 113 126
3 5 25 62 94 105 113
3 5 57 65 78 86 102
3 5 57 65 94 110 118
3 5 57 73 81 97 126
3 5 57 73 94 110 113
3 5 57 89 97 110 118
3 5 57 89 105 113 126
3 13 30 46 78 117 121
3 13 62 94 110 117 121
3 13 49 69 73 94 110
3 13 49 81 97 118 122
3 13 21 25 33 65 126
3 13 21 25 62 94 97
3 13 21 33 38 69 122
3 13 21 33 65 102 122
3 13 21 33 69 89 126
3 13 21 37 57 65 126
3 13 21 37 65 70 122
3 13 21 37 69 121 126
3 13 53 57 65 94 110
3 13 53 65 70 90 106
3 13 53 85 101 121 126
3 29 62 94 101 105 113
3 29 62 94 109 117 121
3 29 45 49 65 118 122
3 29 45 53 57 65 126
3 29 45 53 69 121 126
3 29 45 65 70 74 114
3 29 45 65 78 118 122
3 29 45 77 113 118 122
3 29 45 77 117 121 126
3 61 93 97 102 106 114
3 61 93 97 110 118 122
3 61 93 101 105 113 126
3 61 93 101 110 118 121
3 61 93 109 113 118 122
3 61 93 109 117 121 126
7 25 42 52 76 82 97
15 51 60 85 90 102 105
