Total        2          11          36          96         223         467         902        1641        2830        4682        7471       11555       17389       25569       36795       51970       72176       98714
UM           1           4          13          36          83         171         324         573         959        1535        2366        3533        5134        7285       10124       13814       18542       24525
UMmin        1           4          11          25          51          95         167         279         447         690        1034        1507        2148        2999        4111        5543        7366        9657
UMmin new    1           3           7          14          26          44          72         112         168         243         344         473         641         851        1112        1432        1823        2291

             2          11          36          96         223         467         902        1641        2830        4682        7471       11555       17389
             1           4          12          33          77         160         306         545         917        1475        2283        3421        4986
             1           4          10          23          47          88         156         262         421         654         984        1440        2060
             1           3           6          13          24          41          68         106         159         233         330         456         620

Afgeleides:
0:           1     4    11    25    51    95    167   279  447   690  1034  1507  2148  2999  4111  5543  7366  9657
1:           3     7    14    26    44    72    112   168  243   344   473   641   851  1112  1432  1823  2291
2:           4     7    12    18    28    40     56    75  101   129   168   210   261   320   391   468
3:           3     5     6    10    12    16     19    26   28    39    42    51    59    71    77
4:           2     1     4     2     4     3     7     2    11     3     9     8    12     6

           3          16          60         280        2431       38095
           1           1           3          14          81         527
           1           1           2           6          13          27
           0           0           0           0           0           0       

     n = 8 Simplices:
     3     3     3     3     3     3     3     3     3     3     3     3     3     3     3     3     3     3     3     3     3     3     3     3     3     3     3
     5     5     5     5     5     5     5     5     5     5     5     5     5     5     5     5     5     5     5     5     5     5     5    13    13    29    29
    14    14    14    14    14    14    30     9     9     9     9     9     9     9     9     9     9     9     9     9     9    25    25    49    53    46   101
    22    22    22    25    25    25    57    17    17    17    17    17    17    30    30    30    30    49    49    62   126    62   126    86    89    86   122
    38    57    57    41    54    54    89    33    33    62    62    97   126    46    46    49    49    81   126   113   190    94   190   106   110   121   169
   121    89   102   118    86   105   153    65   126    94    97   161   190    78   113    81   110   145   190   177   222   158   222   154   158   154   182
   185   153   166   182   150   169   238   129   190   158   161   193   222   142   177   145   174   225   209   222   238   233   233   166   169   181   206
   198   230   217   201   233   214   246   254   193   225   222   254   225   241   206   238   209   254   225   238   241   241   241   193   197   205   209
