3 5 9 17 33 65 129 254
3 5 9 17 33 126 190 193
3 5 9 17 62 94 158 225
3 5 9 17 62 97 161 222
3 5 9 17 97 161 193 254
3 5 9 17 126 190 222 225
3 5 9 30 46 78 142 241
3 5 9 30 46 113 177 206
3 5 9 30 49 81 145 238
3 5 9 30 49 110 174 209
3 5 9 49 81 145 225 254
3 5 9 49 126 190 209 225
3 5 9 62 113 177 222 238
3 5 9 113 177 209 225 254
3 5 9 126 190 222 238 241
3 5 14 22 38 70 134 249
3 5 14 22 38 121 185 198
3 5 14 22 57 89 153 230
3 5 14 22 57 102 166 217
3 5 14 25 41 73 137 246
3 5 14 25 41 118 182 201
3 5 14 25 54 86 150 233
3 5 14 25 54 105 169 214
3 5 25 41 49 126 190 193
3 5 25 41 73 137 241 254
3 5 25 62 94 158 233 241
3 5 25 97 161 193 238 246
3 5 25 105 169 201 241 254
3 5 25 126 190 222 233 241
3 5 30 57 89 153 238 246
3 5 30 121 185 217 238 246
3 5 57 89 153 225 238 246
3 5 57 89 153 233 241 254
3 5 57 94 158 217 238 246
3 5 57 126 190 201 209 225
3 5 57 126 190 217 233 241
3 5 62 89 158 185 238 246
3 5 62 94 121 153 238 246
3 5 62 94 158 230 233 241
3 5 62 121 185 206 214 230
3 5 62 121 185 222 238 246
3 5 121 185 217 233 241 254
3 5 126 190 222 238 246 249
3 13 21 25 62 94 158 225
3 13 21 25 62 97 161 222
3 13 21 37 57 126 190 193
3 13 21 37 69 133 249 254
3 13 21 97 161 193 230 250
3 13 21 101 165 197 249 254
3 13 21 122 186 218 225 230
3 13 21 126 190 222 229 249
3 13 30 46 78 142 245 249
3 13 49 81 145 225 246 250
3 13 49 86 106 154 166 193
3 13 53 85 149 229 249 254
3 13 53 89 110 158 169 197
3 13 53 94 105 153 174 197
3 13 54 81 106 154 161 198
3 13 54 90 97 145 170 198
3 13 62 85 105 153 165 206
3 13 113 177 209 225 246 250
3 13 117 181 213 229 249 254
3 13 126 190 222 238 245 249
3 29 45 53 57 126 190 193
3 29 45 77 141 241 246 250
3 29 45 77 141 245 249 254
3 29 46 86 121 154 181 205
3 29 46 101 122 169 182 206
3 29 62 94 158 229 233 241
3 29 62 94 158 237 245 249
3 29 101 122 169 182 206 209
3 29 101 122 174 177 201 214
3 29 109 173 205 245 249 254
3 29 110 113 165 186 201 214
3 29 126 190 222 229 233 241
3 29 126 190 222 237 245 249
3 61 93 157 237 245 249 254
3 61 126 190 221 237 245 249
3 125 189 221 237 245 249 254
7 25 41 49 58 124 188 195
7 25 41 73 137 241 250 252
7 25 41 74 116 140 178 193
7 25 42 52 76 140 210 225
7 25 42 52 82 146 204 225
7 25 42 52 97 161 204 210
7 25 42 73 116 140 161 210
7 25 42 74 116 140 146 225
7 25 42 76 82 138 180 225
7 25 42 76 97 137 180 210
7 25 42 116 180 204 210 225
7 25 99 163 195 229 238 246
7 25 105 169 201 241 250 252
7 57 58 124 188 203 211 227
7 57 89 153 227 229 238 246
7 57 89 153 233 241 250 252
7 121 185 217 233 241 250 252
15 113 177 209 225 242 244 248
15 51 53 89 110 158 169 199
15 51 53 94 105 153 174 199
15 51 60 85 149 214 217 229
15 51 60 85 149 218 230 233
15 51 83 101 124 149 230 233
15 51 83 117 122 150 153 227
15 51 83 124 149 154 230 233
15 51 85 89 110 158 173 195
15 51 85 90 147 182 185 227
15 51 85 90 147 188 230 233
15 51 85 99 124 165 214 217
15 51 85 101 122 182 185 195
15 51 85 147 165 188 230 233
15 51 85 149 195 218 230 233
15 51 93 102 106 158 173 195
15 51 93 110 150 154 173 195
15 51 93 110 158 165 169 195
15 51 93 110 158 173 199 203
15 51 117 122 150 166 185 195
15 51 117 122 153 169 182 195
15 51 117 122 182 185 211 227
15 51 124 188 213 218 230 233
