3 5 9 17 33 65 129 257 510
3 5 9 17 33 65 254 382 385
3 5 9 17 33 126 190 318 449
3 5 9 17 33 126 193 321 446
3 5 9 17 33 193 321 385 510
3 5 9 17 33 254 382 446 449
3 5 9 17 62 94 158 286 481
3 5 9 17 62 94 225 353 414
3 5 9 17 62 97 161 289 478
3 5 9 17 62 97 222 350 417
3 5 9 17 97 161 289 449 510
3 5 9 17 97 254 382 417 449
3 5 9 17 126 225 353 446 478
3 5 9 17 225 353 417 449 510
3 5 9 17 254 382 446 478 481
3 5 9 30 46 78 142 270 497
3 5 9 30 46 78 241 369 398
3 5 9 30 46 113 177 305 462
3 5 9 30 46 113 206 334 433
3 5 9 30 49 81 145 273 494
3 5 9 30 49 81 238 366 401
3 5 9 30 49 110 174 302 465
3 5 9 30 49 110 209 337 430
3 5 9 49 81 97 254 382 385
3 5 9 49 81 145 273 481 510
3 5 9 49 126 190 318 465 481
3 5 9 49 193 321 385 478 494
3 5 9 49 209 337 401 481 510
3 5 9 49 254 382 446 465 481
3 5 9 62 113 177 305 478 494
3 5 9 113 177 305 449 478 494
3 5 9 113 177 305 465 481 510
3 5 9 113 190 318 433 478 494
3 5 9 113 254 382 401 417 449
3 5 9 113 254 382 433 465 481
3 5 9 126 177 318 369 478 494
3 5 9 126 190 241 305 478 494
3 5 9 126 241 369 446 478 494
3 5 9 241 369 433 465 481 510
3 5 9 254 382 446 478 494 497
3 5 14 22 38 70 134 262 505
3 5 14 22 38 70 249 377 390
3 5 14 22 38 121 185 313 454
3 5 14 22 38 121 198 326 441
3 5 14 22 57 89 153 281 486
3 5 14 22 57 89 230 358 409
3 5 14 22 57 102 166 294 473
3 5 14 22 57 102 217 345 422
3 5 14 25 41 73 137 265 502
3 5 14 25 41 73 246 374 393
3 5 14 25 41 118 182 310 457
3 5 14 25 41 118 201 329 438
3 5 14 25 54 86 150 278 489
3 5 14 25 54 86 233 361 406
3 5 14 25 54 105 169 297 470
3 5 14 25 54 105 214 342 425
3 5 25 41 49 126 190 318 449
3 5 25 41 49 126 193 321 446
3 5 25 41 73 113 254 382 385
3 5 25 41 73 137 265 497 510
3 5 25 41 193 321 385 462 502
3 5 25 41 201 329 393 497 510
3 5 25 41 254 382 446 457 497
3 5 25 62 94 158 286 489 497
3 5 25 97 161 289 449 494 502
3 5 25 97 174 214 310 334 385
3 5 25 105 169 297 457 497 510
3 5 25 105 177 222 318 337 393
3 5 25 105 190 209 305 350 393
3 5 25 110 161 214 310 321 398
3 5 25 110 182 193 289 342 398
3 5 25 126 169 209 305 329 414
3 5 25 225 353 417 449 494 502
3 5 25 233 361 425 457 497 510
3 5 25 254 382 446 478 489 497
3 5 30 46 54 198 326 390 505
3 5 30 46 54 249 377 441 454
3 5 30 57 89 153 281 494 502
3 5 30 102 169 209 305 329 390
3 5 30 105 166 209 305 326 393
3 5 30 105 177 198 294 337 393
3 5 30 110 182 217 313 342 398
3 5 30 110 185 214 310 345 398
3 5 30 121 174 214 310 334 409
3 5 57 89 105 113 254 382 385
3 5 57 89 153 281 481 494 502
3 5 57 89 153 281 489 497 510
3 5 57 94 174 241 310 361 409
3 5 57 94 201 246 337 366 414
3 5 57 126 190 318 457 465 481
3 5 57 126 190 318 473 489 497
3 5 57 201 246 337 366 414 417
3 5 57 201 246 350 353 401 430
3 5 57 217 345 409 489 497 510
3 5 57 222 225 329 374 401 430
3 5 57 254 382 446 457 465 481
3 5 57 254 382 446 473 489 497
3 5 62 89 169 246 305 366 414
3 5 62 89 206 241 342 361 409
3 5 62 94 230 358 398 406 505
3 5 62 121 185 313 462 470 486
3 5 62 121 185 313 478 494 502
3 5 62 206 241 342 361 409 422
3 5 62 206 241 345 358 406 425
3 5 62 217 230 334 369 406 425
3 5 62 249 377 441 462 470 486
3 5 62 249 377 441 478 494 502
3 5 121 185 313 473 489 497 510
3 5 121 190 318 441 478 494 502
3 5 121 254 382 441 473 489 497
3 5 126 185 318 377 478 494 502
3 5 126 190 249 313 478 494 502
3 5 126 190 318 462 470 486 505
3 5 126 249 377 446 478 494 502
3 5 249 377 441 473 489 497 510
3 5 254 382 446 478 494 502 505
3 13 21 25 62 94 158 286 481
3 13 21 25 62 94 225 353 414
3 13 21 25 62 97 161 289 478
3 13 21 25 62 97 222 350 417
3 13 21 37 57 126 190 318 449
3 13 21 37 57 126 193 321 446
3 13 21 37 69 121 254 382 385
3 13 21 37 69 133 261 505 510
3 13 21 37 193 321 385 454 506
3 13 21 37 197 325 389 505 510
3 13 21 37 250 378 442 449 454
3 13 21 97 161 289 449 486 506
3 13 21 97 166 218 314 326 385
3 13 21 97 186 198 294 346 385
3 13 21 101 165 293 453 505 510
3 13 21 101 185 222 318 345 389
3 13 21 101 190 217 313 350 389
3 13 21 102 161 218 314 321 390
3 13 21 102 186 193 289 346 390
3 13 21 121 165 222 318 325 409
3 13 21 121 190 197 293 350 409
3 13 21 122 161 198 294 321 410
3 13 21 122 166 193 289 326 410
3 13 21 126 165 217 313 325 414
3 13 21 126 185 197 293 345 414
3 13 21 225 353 417 449 486 506
3 13 21 229 357 421 453 505 510
3 13 21 250 378 442 474 481 486
3 13 21 254 382 446 478 485 505
3 13 30 46 78 142 270 501 505
3 13 30 110 181 217 313 341 398
3 13 30 117 174 217 313 334 405
3 13 30 117 185 206 302 345 405
3 13 49 81 97 118 250 378 389
3 13 49 81 145 273 481 502 506
3 13 49 81 150 234 282 358 385
3 13 49 86 106 193 321 410 422
3 13 49 86 145 234 282 321 422
3 13 49 86 154 193 273 362 422
3 13 49 197 325 389 457 478 494
3 13 49 209 337 401 481 502 506
3 13 53 85 101 121 254 382 385
3 13 53 85 149 277 485 505 510
3 13 53 89 110 158 286 425 453
3 13 53 89 238 366 414 425 453
3 13 53 94 105 174 302 409 453
3 13 53 94 153 174 286 361 453
3 13 53 94 158 233 281 302 453
3 13 53 193 321 385 454 474 490
3 13 53 213 341 405 485 505 510
3 13 54 81 106 161 289 410 454
3 13 54 81 145 234 282 289 454
3 13 54 81 154 161 273 362 454
3 13 54 90 97 145 273 426 454
3 13 62 85 105 206 334 409 421
3 13 62 85 153 206 286 361 421
3 13 62 85 158 233 281 334 421
3 13 62 94 149 233 281 357 398
3 13 113 177 305 465 481 502 506
3 13 117 181 309 469 485 505 510
3 13 241 369 433 465 481 502 506
3 13 245 373 437 469 485 505 510
3 13 254 382 446 478 494 501 505
3 29 45 53 57 126 190 318 449
3 29 45 54 58 206 334 398 497
3 29 45 54 58 241 369 433 462
3 29 45 77 117 121 254 382 385
3 29 45 77 141 269 497 502 506
3 29 45 77 141 269 501 505 510
3 29 45 78 197 250 329 374 398
3 29 45 113 197 250 329 374 433
3 29 45 205 333 397 501 505 510
3 29 46 53 58 214 342 406 489
3 29 46 53 58 233 361 425 470
3 29 46 54 57 218 346 410 485
3 29 46 54 57 229 357 421 474
3 29 46 77 165 250 297 374 398
3 29 46 78 150 249 282 373 397
3 29 46 86 121 154 282 437 461
3 29 46 86 142 249 282 333 437
3 29 46 86 150 249 282 309 461
3 29 46 86 154 181 278 377 461
3 29 46 86 154 205 270 377 437
3 29 46 101 122 169 297 438 462
3 29 46 101 141 250 297 334 438
3 29 46 101 165 250 297 310 462
3 29 46 101 169 182 293 378 462
3 29 46 101 169 206 269 378 438
3 29 62 94 158 286 485 489 497
3 29 62 94 158 286 493 501 505
3 29 101 105 177 222 318 337 397
3 29 101 105 190 209 305 350 397
3 29 101 122 169 209 305 329 390
3 29 101 165 201 250 297 462 465
3 29 101 169 177 222 318 345 389
3 29 101 169 182 209 305 330 389
3 29 101 169 197 250 329 430 433
3 29 101 169 201 246 366 369 389
3 29 101 169 206 209 306 329 389
3 29 101 169 210 302 305 329 389
3 29 101 169 293 329 378 462 465
3 29 101 169 297 389 438 462 465
3 29 101 170 209 305 329 342 389
3 29 101 174 177 201 297 338 389
3 29 101 185 222 318 329 337 389
3 29 101 185 222 318 345 397 405
3 29 101 190 201 209 313 350 389
3 29 101 190 217 297 305 350 389
3 29 101 190 217 313 350 397 405
3 29 101 233 246 305 337 366 389
3 29 101 233 246 366 369 421 453
3 29 101 238 241 297 329 374 389
3 29 101 238 241 361 374 421 453
3 29 101 250 378 425 438 462 465
3 29 101 250 378 430 433 457 470
3 29 102 169 209 305 329 389 410
3 29 102 170 210 306 330 390 481
3 29 109 117 185 222 318 345 389
3 29 109 117 190 217 313 350 389
3 29 109 173 301 461 501 505 510
3 29 109 177 222 318 337 389 393
3 29 109 177 222 318 341 345 397
3 29 109 181 185 222 318 337 397
3 29 109 190 209 305 350 389 393
3 29 109 190 209 309 313 350 397
3 29 109 190 213 217 305 350 397
3 29 110 113 165 201 297 325 402
3 29 110 229 250 361 374 430 462
3 29 126 165 169 209 305 333 414
3 29 126 165 201 209 313 325 414
3 29 126 165 217 297 305 325 414
3 29 126 165 217 313 333 341 414
3 29 126 173 181 217 313 325 414
3 29 126 173 209 305 325 329 414
3 29 126 173 209 309 313 333 414
3 29 126 173 213 217 305 333 414
3 29 225 353 417 449 486 490 498
3 29 237 365 429 461 501 505 510
3 29 254 382 446 478 493 501 505
3 61 93 109 117 121 254 382 385
3 61 93 157 285 481 486 490 498
3 61 93 157 285 493 501 505 510
3 61 126 190 318 453 457 465 481
3 61 126 190 318 477 493 501 505
3 61 221 349 413 493 501 505 510
3 61 254 382 446 477 493 501 505
3 125 189 317 477 493 501 505 510
3 125 254 382 445 477 493 501 505
3 253 381 445 477 493 501 505 510
7 25 26 99 172 212 308 332 387
7 25 26 108 163 212 308 323 396
7 25 26 108 180 195 291 340 396
7 25 41 49 58 124 188 316 451
7 25 41 49 58 124 195 323 444
7 25 41 73 113 122 252 380 387
7 25 41 73 137 265 497 506 508
7 25 41 73 138 244 268 370 385
7 25 41 74 116 178 306 396 449
7 25 41 74 137 244 268 321 434
7 25 41 74 140 193 265 372 434
7 25 41 74 244 372 396 434 449
7 25 41 114 138 180 306 332 449
7 25 41 114 178 204 266 308 449
7 25 41 195 323 387 453 462 502
7 25 41 201 329 393 497 506 508
7 25 42 52 76 140 268 466 481
7 25 42 52 82 146 274 460 481
7 25 42 52 97 161 289 460 466
7 25 42 52 204 332 396 466 481
7 25 42 52 210 338 402 460 481
7 25 42 52 225 353 417 460 466
7 25 42 73 116 210 338 396 417
7 25 42 73 137 244 268 289 466
7 25 42 73 140 161 265 372 466
7 25 42 73 244 372 396 417 466
7 25 42 74 116 225 353 396 402
7 25 42 74 138 244 268 274 481
7 25 42 74 140 146 266 372 481
7 25 42 74 244 372 396 402 481
7 25 42 76 82 138 266 436 481
7 25 42 76 97 137 265 436 466
7 25 42 116 180 308 460 466 481
7 25 42 244 372 436 460 466 481
7 25 97 170 180 204 300 338 385
7 25 97 170 180 210 306 332 385
7 25 97 170 204 210 308 330 385
7 25 97 170 212 300 306 330 385
7 25 97 170 212 308 332 338 385
7 25 97 174 214 310 334 387 389
7 25 97 186 220 316 346 393 401
7 25 97 234 244 364 370 417 449
7 25 99 101 174 214 310 334 385
7 25 99 163 291 451 485 494 502
7 25 105 113 186 220 316 346 385
7 25 105 169 297 457 497 506 508
7 25 106 116 161 204 300 321 402
7 25 106 116 161 210 306 321 396
7 25 106 116 172 193 289 332 402
7 25 106 116 178 193 289 338 396
7 25 106 161 204 210 308 321 394
7 25 106 161 212 300 306 321 394
7 25 106 161 212 308 321 396 402
7 25 106 172 178 193 289 340 394
7 25 106 180 193 289 332 338 394
7 25 106 180 193 289 340 396 402
7 25 110 161 214 310 323 325 398
7 25 110 163 165 214 310 321 398
7 25 110 182 193 291 293 342 398
7 25 110 182 195 197 289 342 398
7 25 122 161 220 316 329 337 410
7 25 122 169 177 220 316 321 410
7 25 122 188 193 297 305 348 410
7 25 122 188 201 209 289 348 410
7 25 227 355 419 451 485 494 502
7 25 233 361 425 457 497 506 508
7 57 58 124 188 316 459 467 483
7 57 89 105 113 122 252 380 387
7 57 89 106 116 225 353 396 402
7 57 89 153 281 483 485 494 502
7 57 89 153 281 489 497 506 508
7 57 89 154 228 284 354 393 401
7 57 90 105 116 209 337 396 418
7 57 90 106 116 178 306 396 449
7 57 90 108 113 201 329 404 418
7 57 90 108 114 170 298 404 449
7 57 90 108 116 156 284 418 449
7 57 90 153 228 284 329 337 418
7 57 90 154 228 284 298 306 449
7 57 90 156 170 178 282 356 449
7 57 90 156 201 209 281 356 418
7 57 90 228 356 396 404 418 449
7 57 217 345 409 489 497 506 508
7 121 185 313 473 489 497 506 508
7 249 377 441 473 489 497 506 508
15 113 177 305 465 481 498 500 504
15 241 369 433 465 481 498 500 504
15 51 53 89 110 169 297 414 455
15 51 53 89 153 238 286 297 455
15 51 53 89 158 169 281 366 455
15 51 53 94 105 153 281 430 455
15 51 60 85 90 150 278 409 486
15 51 60 85 90 153 281 406 489
15 51 60 85 102 150 278 421 474
15 51 60 85 102 165 293 406 489
15 51 60 85 105 153 281 421 474
15 51 60 85 105 165 293 409 486
15 51 60 85 149 218 278 281 485
15 51 60 85 149 230 278 293 473
15 51 60 85 149 233 281 293 470
15 51 60 85 149 277 470 473 485
15 51 60 85 149 277 474 486 489
15 51 60 85 150 153 277 346 485
15 51 60 85 150 165 277 358 473
15 51 60 85 153 165 277 361 470
15 51 60 85 214 342 405 473 485
15 51 60 85 217 345 405 470 485
15 51 60 85 229 357 405 470 473
15 51 60 213 341 405 470 473 485
15 51 60 213 341 405 474 486 489
15 51 83 99 245 250 374 377 387
15 51 83 101 124 149 277 486 489
15 51 83 117 122 227 355 406 409
15 51 83 124 149 154 278 281 483
15 51 83 147 229 252 277 486 489
15 51 83 147 245 250 278 281 483
15 51 83 147 252 277 282 486 489
15 51 83 149 153 238 286 365 387
15 51 83 149 154 230 278 377 387
15 51 83 149 154 233 281 374 387
15 51 83 149 154 275 374 377 483
15 51 83 149 154 275 380 486 489
15 51 83 149 250 278 281 357 387
15 51 83 149 275 357 380 486 489
15 51 83 149 277 387 410 486 489
15 51 83 157 238 278 282 365 387
15 51 83 157 238 286 365 391 395
15 51 83 252 380 405 410 486 489
15 51 85 89 110 195 323 414 429
15 51 85 89 147 238 286 323 429
15 51 85 89 158 195 275 366 429
15 51 85 90 102 150 278 444 451
15 51 85 90 102 195 323 406 489
15 51 85 90 105 153 281 444 451
15 51 85 90 105 195 323 409 486
15 51 85 90 147 188 278 281 483
15 51 85 90 147 230 278 323 441
15 51 85 90 147 233 281 323 438
15 51 85 90 147 275 438 441 483
15 51 85 90 147 275 444 486 489
15 51 85 90 150 153 275 316 483
15 51 85 90 150 195 275 358 441
15 51 85 90 153 195 275 361 438
15 51 85 90 182 310 403 441 483
15 51 85 90 185 313 403 438 483
15 51 85 90 227 355 403 438 441
15 51 85 99 124 165 293 470 473
15 51 85 101 122 195 323 438 441
15 51 85 102 105 165 293 444 451
15 51 85 102 105 195 323 421 474
15 51 85 102 158 286 391 429 459
15 51 85 102 173 301 391 414 459
15 51 85 102 203 331 391 414 429
15 51 85 147 165 188 277 486 489
15 51 85 147 250 278 281 323 421
15 51 85 147 275 421 444 486 489
15 51 85 147 277 323 346 486 489
15 51 85 149 195 218 275 486 489
15 51 85 149 252 278 281 293 451
15 51 85 149 275 293 316 486 489
15 51 85 149 277 451 474 486 489
15 51 85 150 153 165 277 380 451
15 51 85 150 153 195 275 378 421
15 51 85 153 238 286 301 331 391
15 51 85 158 173 203 281 366 391
15 51 85 165 250 310 313 355 403
15 51 85 182 185 227 293 378 403
15 51 85 195 252 342 345 357 405
15 51 85 214 217 229 323 380 405
15 51 93 102 106 195 323 414 429
15 51 93 110 150 203 282 327 429
15 51 93 110 158 286 421 425 451
15 51 93 110 158 286 429 455 459
15 51 93 110 165 203 297 327 414
15 51 93 110 173 301 406 410 451
15 51 93 110 173 301 414 455 459
15 51 93 147 238 278 282 323 429
15 51 93 147 238 286 327 331 429
15 51 93 150 154 195 275 366 429
15 51 93 150 165 285 327 366 459
15 51 93 157 199 238 278 293 459
15 51 93 157 230 234 286 301 451
15 51 93 157 238 286 301 455 459
15 51 93 158 173 285 358 362 451
15 51 93 158 173 285 366 455 459
15 51 93 158 199 203 275 366 429
15 51 93 238 366 414 429 455 459
15 51 117 122 150 227 294 339 441
15 51 117 122 153 227 297 339 438
15 51 117 122 182 310 409 425 451
15 51 117 122 182 310 441 467 483
15 51 117 122 185 313 406 422 451
15 51 117 122 185 313 438 467 483
15 51 117 150 153 309 339 378 483
15 51 117 181 211 250 278 281 483
15 51 117 181 218 234 310 313 451
15 51 117 181 250 310 313 467 483
15 51 117 182 185 309 346 362 451
15 51 117 182 185 309 378 467 483
15 51 117 250 378 438 441 467 483
15 51 124 188 316 469 474 486 489
15 51 195 323 387 469 474 486 489
15 51 213 341 405 451 474 486 489
15 51 252 380 444 469 474 486 489
15 115 124 181 309 410 426 454 457
15 115 124 181 309 438 441 469 485
15 115 179 220 236 309 314 454 457
15 115 179 245 250 310 313 467 483
15 115 179 307 451 469 474 486 489
15 115 181 186 307 348 364 454 457
15 115 181 186 307 374 377 467 483
15 115 181 213 229 250 374 377 387
15 115 188 211 236 341 346 422 425
15 115 188 220 227 357 362 406 409
15 115 245 250 310 342 358 377 387
15 115 245 250 313 345 361 374 387
15 115 245 250 374 377 403 419 451
15 115 245 250 374 377 435 467 483
