11
3 5 9 17 33 65 129 257 513 1025 2046
3 5 9 17 33 65 129 257 1022 1534 1537
3 5 9 17 33 65 129 510 766 1278 1793
3 5 9 17 33 65 129 510 769 1281 1790
3 5 9 17 33 65 129 769 1281 1537 2046
3 5 9 17 33 65 129 1022 1534 1790 1793
3 5 9 17 33 65 254 382 638 1150 1921
3 5 9 17 33 65 254 382 897 1409 1662
3 5 9 17 33 65 254 385 641 1153 1918
3 5 9 17 33 65 254 385 894 1406 1665
3 5 9 17 33 65 385 641 1153 1793 2046
3 5 9 17 33 65 385 1022 1534 1665 1793
3 5 9 17 33 65 510 897 1409 1790 1918
3 5 9 17 33 65 897 1409 1665 1793 2046
3 5 9 17 33 65 1022 1534 1790 1918 1921
3 5 9 17 33 126 190 318 574 1086 1985
3 5 9 17 33 126 190 318 961 1473 1598
3 5 9 17 33 126 190 449 705 1217 1854
3 5 9 17 33 126 190 449 830 1342 1729
3 5 9 17 33 126 193 321 577 1089 1982
3 5 9 17 33 126 193 321 958 1470 1601
3 5 9 17 33 126 193 446 702 1214 1857
3 5 9 17 33 126 193 446 833 1345 1726
3 5 9 17 33 193 321 385 1022 1534 1537
3 5 9 17 33 193 321 577 1089 1921 2046
3 5 9 17 33 193 510 766 1278 1857 1921
3 5 9 17 33 193 833 1345 1601 1921 2046
3 5 9 17 33 193 1022 1534 1790 1857 1921
3 5 9 17 33 254 449 705 1217 1918 1982
3 5 9 17 33 449 705 1217 1793 1918 1982
3 5 9 17 33 449 705 1217 1857 1921 2046
3 5 9 17 33 449 1022 1534 1729 1857 1921
3 5 9 17 33 510 961 1473 1790 1918 1982
3 5 9 17 33 961 1473 1729 1857 1921 2046
3 5 9 17 33 1022 1534 1790 1918 1982 1985
3 5 9 17 62 94 158 286 993 1505 1566
3 5 9 17 62 94 158 481 737 1249 1822
3 5 9 17 62 94 158 481 798 1310 1761
3 5 9 17 62 94 225 353 609 1121 1950
3 5 9 17 62 94 225 353 926 1438 1633
3 5 9 17 62 94 225 414 670 1182 1889
3 5 9 17 62 94 225 414 865 1377 1694
3 5 9 17 62 97 161 289 545 1057 2014
3 5 9 17 62 97 161 289 990 1502 1569
3 5 9 17 62 97 161 478 734 1246 1825
3 5 9 17 62 97 161 478 801 1313 1758
3 5 9 17 62 97 222 350 606 1118 1953
3 5 9 17 62 97 222 350 929 1441 1630
3 5 9 17 62 97 222 417 673 1185 1886
3 5 9 17 62 97 222 417 862 1374 1697
3 5 9 17 97 161 193 510 766 1278 1793
3 5 9 17 97 161 193 510 769 1281 1790
3 5 9 17 97 161 289 449 1022 1534 1537
3 5 9 17 97 161 801 1313 1569 1985 2046
3 5 9 17 97 254 382 638 1150 1953 1985
3 5 9 17 97 385 702 862 1246 1342 1537
3 5 9 17 97 417 673 1185 1825 1985 2046
3 5 9 17 97 417 705 894 1278 1345 1569
3 5 9 17 97 897 1409 1665 1793 1982 2014
3 5 9 17 97 929 1441 1697 1825 1985 2046
3 5 9 17 97 1022 1534 1790 1918 1953 1985
3 5 9 17 126 190 222 798 1310 1566 2017
3 5 9 17 126 190 222 993 1505 1761 1822
3 5 9 17 126 225 353 609 1121 1982 2014
3 5 9 17 126 414 673 833 1217 1313 1566
3 5 9 17 126 446 734 865 1249 1374 1598
3 5 9 17 225 353 609 1121 1921 1982 2014
3 5 9 17 225 353 609 1121 1953 1985 2046
3 5 9 17 225 382 702 961 1246 1441 1633
3 5 9 17 225 382 801 990 1345 1470 1662
3 5 9 17 225 510 766 1278 1825 1857 1921
3 5 9 17 225 510 766 1278 1889 1953 1985
3 5 9 17 225 801 990 1345 1470 1662 1665
3 5 9 17 225 865 1377 1633 1953 1985 2046
3 5 9 17 225 1022 1534 1790 1889 1953 1985
3 5 9 17 254 382 926 1438 1598 1630 2017
3 5 9 17 254 481 737 1249 1918 1982 2014
3 5 9 17 254 830 961 1374 1441 1633 1694
3 5 9 17 254 993 1505 1761 1854 1886 1950
3 5 9 17 481 737 1249 1889 1953 1985 2046
3 5 9 17 481 1022 1534 1761 1889 1953 1985
3 5 9 17 510 766 1278 1854 1886 1950 2017
3 5 9 17 510 993 1505 1790 1918 1982 2014
3 5 9 30 46 78 142 497 753 1265 1806
3 5 9 30 46 78 142 497 782 1294 1777
3 5 9 30 46 78 241 369 625 1137 1934
3 5 9 30 46 78 241 369 910 1422 1649
3 5 9 30 46 78 241 398 654 1166 1905
3 5 9 30 46 78 241 398 881 1393 1678
3 5 9 30 46 113 177 305 974 1486 1585
3 5 9 30 46 113 177 462 718 1230 1841
3 5 9 30 46 113 177 462 817 1329 1742
3 5 9 30 46 113 206 334 590 1102 1969
3 5 9 30 46 113 206 334 945 1457 1614
3 5 9 30 46 113 206 433 689 1201 1870
3 5 9 30 46 113 206 433 846 1358 1713
3 5 9 30 49 81 145 273 1006 1518 1553
3 5 9 30 49 81 145 494 750 1262 1809
3 5 9 30 49 81 145 494 785 1297 1774
3 5 9 30 49 81 238 366 622 1134 1937
3 5 9 30 49 81 238 366 913 1425 1646
3 5 9 30 49 81 238 401 657 1169 1902
3 5 9 30 49 81 238 401 878 1390 1681
3 5 9 30 49 110 174 302 977 1489 1582
3 5 9 30 49 110 174 465 721 1233 1838
3 5 9 30 49 110 174 465 814 1326 1745
3 5 9 30 49 110 209 337 593 1105 1966
3 5 9 30 49 110 209 337 942 1454 1617
3 5 9 30 49 110 209 430 686 1198 1873
3 5 9 30 49 110 209 430 849 1361 1710
3 5 9 30 110 398 689 849 1233 1329 1550
3 5 9 30 113 401 686 846 1230 1326 1553
3 5 9 49 81 97 254 382 638 1150 1921
3 5 9 49 81 97 254 382 897 1409 1662
3 5 9 49 81 97 254 385 641 1153 1918
3 5 9 49 81 97 254 385 894 1406 1665
3 5 9 49 81 145 225 510 766 1278 1793
3 5 9 49 81 145 225 510 769 1281 1790
3 5 9 49 81 145 785 1297 1553 2017 2046
3 5 9 49 81 385 670 878 1262 1310 1537
3 5 9 49 81 401 657 1169 1809 2017 2046
3 5 9 49 81 401 737 894 1278 1377 1553
3 5 9 49 126 446 721 865 1249 1361 1598
3 5 9 49 193 785 1297 1553 1825 1918 1982
3 5 9 49 209 353 446 638 1150 1697 1809
3 5 9 49 209 353 958 1470 1662 1697 1809
3 5 9 49 209 849 1361 1617 1937 2017 2046
3 5 9 49 449 705 1217 1857 1921 2014 2030
3 5 9 49 465 721 1233 1873 1937 2017 2046
3 5 9 62 94 110 398 1009 1521 1678 1806
3 5 9 62 94 110 497 910 1422 1777 1905
3 5 9 62 94 398 657 865 1249 1297 1550
3 5 9 62 113 433 734 878 1262 1374 1585
3 5 9 62 222 366 433 625 1137 1710 1822
3 5 9 113 177 222 238 830 1342 1598 1985
3 5 9 113 177 222 238 961 1473 1729 1854
3 5 9 113 177 318 785 1006 1313 1502 1598
3 5 9 113 177 449 785 1006 1313 1502 1729
3 5 9 113 177 817 1329 1585 2001 2017 2046
3 5 9 113 190 318 606 993 1134 1489 1585
3 5 9 113 254 382 638 1150 1937 1953 1985
3 5 9 113 254 382 638 1150 1969 2001 2017
3 5 9 113 401 737 894 1278 1377 1585 1617
3 5 9 113 401 1006 1518 1697 1758 1854 1857
3 5 9 113 414 686 846 1230 1326 1566 1921
3 5 9 113 433 689 1201 1841 2001 2017 2046
3 5 9 113 446 913 1006 1441 1502 1726 1854
3 5 9 113 1022 1534 1790 1918 1969 2001 2017
3 5 9 126 241 369 625 1137 1982 2014 2030
3 5 9 126 414 686 846 1230 1326 1566 2033
3 5 9 126 433 721 865 1249 1361 1585 1934
3 5 9 241 881 1393 1649 1969 2001 2017 2046
3 5 9 254 830 974 1374 1454 1646 1694 2033
3 5 14 22 38 121 185 313 966 1478 1593
3 5 14 22 38 121 185 454 710 1222 1849
3 5 14 22 38 121 185 454 825 1337 1734
3 5 14 22 38 121 198 326 953 1465 1606
3 5 14 22 38 121 198 441 697 1209 1862
3 5 14 22 38 121 198 441 838 1350 1721
3 5 14 22 57 89 153 486 742 1254 1817
3 5 14 22 57 89 153 486 793 1305 1766
3 5 14 22 57 89 230 358 921 1433 1638
3 5 14 22 57 89 230 409 665 1177 1894
3 5 14 22 57 89 230 409 870 1382 1689
3 5 14 22 57 102 166 294 985 1497 1574
3 5 14 22 57 102 166 473 729 1241 1830
3 5 14 22 57 102 166 473 806 1318 1753
3 5 14 22 57 102 217 345 934 1446 1625
3 5 14 22 57 102 217 422 678 1190 1881
3 5 14 22 57 102 217 422 857 1369 1702
3 5 14 22 102 390 697 857 1241 1337 1542
3 5 14 22 121 409 678 838 1222 1318 1561
3 5 14 25 41 73 246 374 905 1417 1654
3 5 14 25 41 73 246 393 649 1161 1910
3 5 14 25 41 73 246 393 886 1398 1673
3 5 14 25 41 118 182 310 969 1481 1590
3 5 14 25 41 118 182 457 713 1225 1846
3 5 14 25 41 118 182 457 822 1334 1737
3 5 14 25 41 118 201 329 950 1462 1609
3 5 14 25 41 118 201 438 694 1206 1865
3 5 14 25 41 118 201 438 841 1353 1718
3 5 14 25 54 86 150 489 745 1257 1814
3 5 14 25 54 86 150 489 790 1302 1769
3 5 14 25 54 86 233 361 918 1430 1641
3 5 14 25 54 86 233 406 662 1174 1897
3 5 14 25 54 86 233 406 873 1385 1686
3 5 14 25 54 105 169 297 982 1494 1577
3 5 14 25 54 105 169 470 726 1238 1833
3 5 14 25 54 105 169 470 809 1321 1750
3 5 14 25 54 105 214 342 937 1449 1622
3 5 14 25 54 105 214 425 681 1193 1878
3 5 14 25 54 105 214 425 854 1366 1705
3 5 14 25 105 393 694 854 1238 1334 1545
3 5 14 25 118 406 681 841 1225 1321 1558
3 5 14 54 86 390 665 873 1257 1305 1542
3 5 14 57 89 393 662 870 1254 1302 1545
3 5 25 41 73 385 654 886 1270 1294 1537
3 5 25 62 94 414 745 881 1265 1385 1566
3 5 25 62 222 350 617 945 1137 1449 1566
3 5 25 97 385 686 726 822 1206 1358 1537
3 5 25 97 385 702 862 1246 1342 1545 1553
3 5 25 105 169 305 478 777 1289 1598 1745
3 5 25 105 177 222 318 574 1086 1873 1929
3 5 25 105 177 990 1502 1758 1854 1873 1929
3 5 25 105 393 689 734 830 1214 1361 1545
3 5 25 105 393 753 894 1278 1393 1577 1609
3 5 25 105 398 694 854 1238 1334 1550 1921
3 5 25 105 446 977 1489 1630 1713 1841 1929
3 5 25 110 438 726 865 1249 1366 1590 1934
3 5 25 126 190 222 798 1310 1566 2025 2033
3 5 25 126 414 681 721 817 1201 1353 1566
3 5 25 233 369 446 478 638 1150 1681 1801
3 5 25 238 366 438 470 993 1505 1654 1934
3 5 25 238 374 694 961 1238 1441 1633 1806
3 5 25 254 382 926 1438 1598 1630 2025 2033
3 5 25 510 766 1278 1854 1886 1950 2025 2033
3 5 30 46 54 198 505 761 1273 1862 1926
3 5 30 46 54 249 454 710 1222 1913 1977
3 5 30 46 78 390 649 881 1265 1289 1542
3 5 30 57 89 409 750 886 1270 1390 1561
3 5 30 57 217 345 622 950 1142 1454 1561
3 5 30 102 390 681 721 817 1201 1353 1542
3 5 30 110 182 217 313 569 1081 1878 1934
3 5 30 121 409 686 726 822 1206 1358 1561
3 5 57 89 110 118 414 993 1505 1694 1822
3 5 57 89 110 118 481 926 1438 1761 1889
3 5 57 89 153 286 777 1014 1297 1518 1566
3 5 57 89 238 366 502 905 1417 1566 1633
3 5 57 89 238 393 502 878 1390 1694 1761
3 5 57 89 393 502 657 798 1182 1297 1641
3 5 57 89 398 662 870 1254 1302 1550 1921
3 5 57 89 414 905 1014 1425 1518 1694 1822
3 5 57 89 481 905 1014 1425 1518 1761 1889
3 5 57 89 489 753 894 1278 1393 1641 1945
3 5 57 94 158 286 558 1009 1078 1513 1561
3 5 57 201 246 337 366 606 1118 1633 1950
3 5 57 201 337 609 958 1150 1201 1321 1561
3 5 57 201 350 777 1014 1361 1390 1438 1630
3 5 57 201 369 446 638 1150 1681 1697 1801
3 5 57 201 369 446 638 1150 1713 1817 1833
3 5 57 201 369 958 1470 1662 1713 1817 1833
3 5 57 201 1014 1526 1782 1873 1902 1950 1953
3 5 57 206 342 422 961 1473 1638 1686 1806
3 5 57 222 457 502 721 1233 1774 1886 1950
3 5 57 222 494 977 1489 1654 1718 1737 1822
3 5 62 94 158 998 1510 1766 1806 1814 2041
3 5 62 94 233 361 497 910 1422 1561 1638
3 5 62 94 398 497 662 793 1177 1302 1646
3 5 62 94 398 662 870 1254 1302 1550 2041
3 5 62 94 409 745 881 1265 1385 1561 1926
3 5 62 206 241 342 361 601 1113 1638 1945
3 5 62 206 342 422 1017 1529 1638 1686 1806
3 5 62 206 342 934 1446 1638 1686 1806 2041
3 5 62 217 361 433 966 1478 1649 1705 1817
3 5 121 185 457 502 721 750 1246 1249 1849
3 5 121 185 478 793 1305 1598 1737 1745 2017
3 5 121 190 350 622 1009 1142 1513 1753 1849
3 5 121 190 409 681 1014 1201 1518 1758 1854
3 5 121 254 409 481 681 721 1201 1225 1918
3 5 121 446 478 993 1505 1646 1654 1689 1817
3 5 126 190 462 497 726 745 1241 1254 1854
3 5 126 190 473 798 1310 1593 1742 1750 2022
3 5 126 190 798 998 1326 1494 1590 1742 2041
3 5 126 414 486 1017 1529 1710 1750 1846 1870
3 5 126 414 686 1009 1206 1513 1753 1849 1862
3 5 126 414 998 1510 1710 1750 1846 1870 2041
3 5 126 441 473 998 1510 1641 1649 1694 1822
3 5 249 377 921 1433 1593 1625 2017 2030 2038
3 13 21 97 161 294 474 769 1281 1594 1734
3 13 21 97 385 678 730 826 1210 1350 1537
3 13 21 97 385 742 890 1274 1382 1569 1601
3 13 21 97 409 702 862 1246 1342 1561 1925
3 13 21 102 390 698 858 1242 1338 1542 2017
3 13 21 102 442 730 865 1249 1370 1594 1926
3 13 21 122 410 678 838 1222 1318 1562 2017
3 13 21 230 358 442 474 993 1505 1658 1926
3 13 21 230 378 698 961 1242 1441 1633 1798
3 13 21 230 806 986 1350 1466 1658 1670 2017
3 13 21 250 826 966 1370 1446 1638 1690 2017
3 13 30 110 398 693 729 825 1209 1365 1550
3 13 49 86 106 410 678 833 1217 1318 1562
3 13 49 214 234 449 858 934 1382 1434 1729
3 13 53 85 238 366 409 901 1413 1566 1641
3 13 53 85 390 666 874 1258 1306 1542 1921
3 13 53 89 110 414 681 837 1221 1321 1566
3 13 53 197 345 366 414 606 1118 1705 1797
3 13 53 197 345 942 1454 1646 1694 1705 1797
3 13 53 217 238 453 862 937 1385 1438 1733
3 13 54 86 390 666 874 1258 1306 1542 2033
3 13 54 218 362 433 625 1137 1706 1818 1990
3 13 62 94 398 661 745 869 1253 1305 1550
3 13 113 401 694 730 865 1249 1338 1366 1553
3 13 113 414 686 846 1230 1326 1566 1925 1929
3 13 118 406 1002 1514 1702 1754 1850 1862 2033
3 13 126 414 686 846 1230 1326 1566 2037 2041
3 13 126 414 693 729 878 1262 1337 1365 1566
3 13 254 830 974 1374 1454 1646 1694 2037 2041
3 29 45 78 197 325 506 585 1097 1654 1934
3 29 45 118 197 325 506 950 1462 1614 1649
3 29 45 197 325 506 585 1097 1654 1934 1969
3 29 45 197 325 506 950 1462 1614 1649 1929
3 29 45 197 330 945 1457 1649 1673 1718 1797
3 29 45 197 334 773 1018 1353 1398 1422 1614
3 29 45 198 330 434 626 1138 1674 1798 1985
3 29 45 198 330 946 1458 1650 1674 1798 1985
3 29 46 86 121 410 693 845 1229 1333 1562
3 29 101 122 169 182 302 817 1329 1582 1998
3 29 101 122 169 182 305 814 1326 1585 2001
3 29 101 122 390 681 721 817 1201 1353 1542
3 29 101 169 305 478 574 1086 1625 1685 1805
3 29 101 169 305 990 1502 1598 1625 1685 1805
3 29 101 174 389 506 681 1193 1718 1742 1838
3 29 101 389 681 689 862 1246 1342 1369 1541
3 29 101 389 681 694 721 817 1201 1354 1541
3 29 101 425 438 462 901 1413 1710 1838 2001
3 29 109 181 313 478 574 1086 1617 1673 1797
3 29 109 501 761 894 1278 1401 1653 1965 1997
3 29 238 814 965 1009 1366 1445 1637 1686 1993
3 61 126 205 241 446 853 873 1369 1381 1726
3 61 205 781 1009 1014 1365 1445 1637 1685 2042
3 125 413 685 845 1009 1014 1509 1749 1845 2042
7 25 42 52 76 396 722 865 1249 1362 1548
7 25 97 385 682 692 716 812 1196 1362 1537
7 25 106 394 673 724 833 1217 1324 1330 1546
7 57 90 396 660 868 1252 1300 1548 1954 1985
31 227 364 692 849 906 1240 1330 1413 1577 1606
63 455 729 874 948 1260 1393 1434 1622 1699 1805
