12
3 5 9 17 33 65 129 257 513 1025 2049 4094
3 5 9 17 33 65 129 257 513 2046 3070 3073
3 5 9 17 33 65 129 257 1022 1534 2558 3585
3 5 9 17 33 65 129 257 1022 1537 2561 3582
3 5 9 17 33 65 129 257 1537 2561 3073 4094
3 5 9 17 33 65 129 257 2046 3070 3582 3585
3 5 9 17 33 65 129 510 766 1278 2302 3841
3 5 9 17 33 65 129 510 766 1793 2817 3326
3 5 9 17 33 65 129 510 769 1281 2305 3838
3 5 9 17 33 65 129 510 769 1790 2814 3329
3 5 9 17 33 65 129 769 1281 2305 3585 4094
3 5 9 17 33 65 129 769 2046 3070 3329 3585
3 5 9 17 33 65 129 1022 1793 2817 3582 3838
3 5 9 17 33 65 129 1793 2817 3329 3585 4094
3 5 9 17 33 65 129 2046 3070 3582 3838 3841
3 5 9 17 33 65 254 382 638 1150 2174 3969
3 5 9 17 33 65 254 382 638 1921 2945 3198
3 5 9 17 33 65 254 382 897 1409 2433 3710
3 5 9 17 33 65 254 382 897 1662 2686 3457
3 5 9 17 33 65 254 385 641 1153 2177 3966
3 5 9 17 33 65 254 385 641 1918 2942 3201
3 5 9 17 33 65 254 385 894 1406 2430 3713
3 5 9 17 33 65 254 385 894 1665 2689 3454
3 5 9 17 33 65 385 641 769 2046 3070 3073
3 5 9 17 33 65 385 641 1153 2177 3841 4094
3 5 9 17 33 65 385 1022 1534 2558 3713 3841
3 5 9 17 33 65 385 1665 2689 3201 3841 4094
3 5 9 17 33 65 385 2046 3070 3582 3713 3841
3 5 9 17 33 65 510 897 1409 2433 3838 3966
3 5 9 17 33 65 897 1409 2433 3585 3838 3966
3 5 9 17 33 65 897 1409 2433 3713 3841 4094
3 5 9 17 33 65 897 2046 3070 3457 3713 3841
3 5 9 17 33 65 1022 1921 2945 3582 3838 3966
3 5 9 17 33 65 1921 2945 3457 3713 3841 4094
3 5 9 17 33 65 2046 3070 3582 3838 3966 3969
3 5 9 17 33 126 190 318 574 1086 2110 4033
3 5 9 17 33 126 190 318 574 1985 3009 3134
3 5 9 17 33 126 190 318 961 1473 2497 3646
3 5 9 17 33 126 190 318 961 1598 2622 3521
3 5 9 17 33 126 190 449 705 1217 2241 3902
3 5 9 17 33 126 190 449 705 1854 2878 3265
3 5 9 17 33 126 190 449 830 1342 2366 3777
3 5 9 17 33 126 190 449 830 1729 2753 3390
3 5 9 17 33 126 193 321 577 1089 2113 4030
3 5 9 17 33 126 193 321 577 1982 3006 3137
3 5 9 17 33 126 193 321 958 1470 2494 3649
3 5 9 17 33 126 193 321 958 1601 2625 3518
3 5 9 17 33 126 193 446 702 1214 2238 3905
3 5 9 17 33 126 193 446 702 1857 2881 3262
3 5 9 17 33 126 193 446 833 1345 2369 3774
3 5 9 17 33 126 193 446 833 1726 2750 3393
3 5 9 17 33 193 321 385 1022 1534 2558 3585
3 5 9 17 33 193 321 385 1022 1537 2561 3582
3 5 9 17 33 193 321 577 897 2046 3070 3073
3 5 9 17 33 193 321 577 1089 2113 3969 4094
3 5 9 17 33 193 321 1601 2625 3137 3969 4094
3 5 9 17 33 193 510 766 1278 2302 3905 3969
3 5 9 17 33 193 769 1406 1726 2494 2686 3073
3 5 9 17 33 193 833 1345 2369 3649 3969 4094
3 5 9 17 33 193 833 1409 1790 2558 2689 3137
3 5 9 17 33 193 1793 2817 3329 3585 3966 4030
3 5 9 17 33 193 1857 2881 3393 3649 3969 4094
3 5 9 17 33 193 2046 3070 3582 3838 3905 3969
3 5 9 17 33 254 382 446 1598 2622 3134 4033
3 5 9 17 33 254 382 446 1985 3009 3521 3646
3 5 9 17 33 254 449 705 1217 2241 3966 4030
3 5 9 17 33 254 830 1345 1665 2433 2625 3134
3 5 9 17 33 254 894 1470 1729 2497 2750 3198
3 5 9 17 33 449 705 1217 2241 3841 3966 4030
3 5 9 17 33 449 705 1217 2241 3905 3969 4094
3 5 9 17 33 449 766 1406 1921 2494 2881 3265
3 5 9 17 33 449 766 1601 1982 2689 2942 3326
3 5 9 17 33 449 1022 1534 2558 3649 3713 3841
3 5 9 17 33 449 1022 1534 2558 3777 3905 3969
3 5 9 17 33 449 1601 1982 2689 2942 3326 3329
3 5 9 17 33 449 1729 2753 3265 3905 3969 4094
3 5 9 17 33 449 2046 3070 3582 3777 3905 3969
3 5 9 17 33 510 766 1854 2878 3198 3262 4033
3 5 9 17 33 510 961 1473 2497 3838 3966 4030
3 5 9 17 33 510 1662 1921 2750 2881 3265 3390
3 5 9 17 33 510 1985 3009 3521 3710 3774 3902
3 5 9 17 33 961 1473 2497 3777 3905 3969 4094
3 5 9 17 33 961 2046 3070 3521 3777 3905 3969
3 5 9 17 33 1022 1534 2558 3710 3774 3902 4033
3 5 9 17 33 1022 1985 3009 3582 3838 3966 4030
3 5 9 17 33 2046 3070 3582 3838 3966 4030 4033
3 5 9 17 62 94 158 286 542 2017 3041 3102
3 5 9 17 62 94 158 286 993 1505 2529 3614
3 5 9 17 62 94 158 286 993 1566 2590 3553
3 5 9 17 62 94 158 481 737 1249 2273 3870
3 5 9 17 62 94 158 481 737 1822 2846 3297
3 5 9 17 62 94 158 481 798 1310 2334 3809
3 5 9 17 62 94 158 481 798 1761 2785 3358
3 5 9 17 62 94 225 353 609 1121 2145 3998
3 5 9 17 62 94 225 353 609 1950 2974 3169
3 5 9 17 62 94 225 353 926 1438 2462 3681
3 5 9 17 62 94 225 353 926 1633 2657 3486
3 5 9 17 62 94 225 414 670 1182 2206 3937
3 5 9 17 62 94 225 414 670 1889 2913 3230
3 5 9 17 62 94 225 414 865 1377 2401 3742
3 5 9 17 62 94 225 414 865 1694 2718 3425
3 5 9 17 62 97 161 289 545 2014 3038 3105
3 5 9 17 62 97 161 289 990 1502 2526 3617
3 5 9 17 62 97 161 289 990 1569 2593 3550
3 5 9 17 62 97 161 478 734 1246 2270 3873
3 5 9 17 62 97 161 478 734 1825 2849 3294
3 5 9 17 62 97 161 478 801 1313 2337 3806
3 5 9 17 62 97 161 478 801 1758 2782 3361
3 5 9 17 62 97 222 350 606 1118 2142 4001
3 5 9 17 62 97 222 350 606 1953 2977 3166
3 5 9 17 62 97 222 350 929 1441 2465 3678
3 5 9 17 62 97 222 350 929 1630 2654 3489
3 5 9 17 62 97 222 417 673 1185 2209 3934
3 5 9 17 62 97 222 417 673 1886 2910 3233
3 5 9 17 62 97 222 417 862 1374 2398 3745
3 5 9 17 62 97 222 417 862 1697 2721 3422
3 5 9 17 62 222 798 1377 1697 2465 2657 3102
3 5 9 17 62 225 801 1374 1694 2462 2654 3105
3 5 9 17 97 161 193 510 766 1278 2302 3841
3 5 9 17 97 161 193 510 766 1793 2817 3326
3 5 9 17 97 161 193 510 769 1281 2305 3838
3 5 9 17 97 161 193 510 769 1790 2814 3329
3 5 9 17 97 161 289 449 1022 1534 2558 3585
3 5 9 17 97 161 289 449 1022 1537 2561 3582
3 5 9 17 97 161 289 545 961 2046 3070 3073
3 5 9 17 97 161 289 1569 2593 3105 4033 4094
3 5 9 17 97 161 769 1342 1758 2526 2622 3073
3 5 9 17 97 161 801 1313 2337 3617 4033 4094
3 5 9 17 97 161 801 1473 1790 2558 2753 3105
3 5 9 17 97 161 1793 2817 3329 3585 3902 4062
3 5 9 17 97 161 1825 2849 3361 3617 4033 4094
3 5 9 17 97 254 382 638 1150 2174 4001 4033
3 5 9 17 97 254 894 1441 1729 2497 2721 3198
3 5 9 17 97 385 1569 2593 3105 3649 3838 3966
3 5 9 17 97 417 673 1185 2209 3873 4033 4094
3 5 9 17 97 417 705 894 1278 2302 3393 3617
3 5 9 17 97 417 705 1918 2942 3326 3393 3617
3 5 9 17 97 417 1697 2721 3233 3873 4033 4094
3 5 9 17 97 897 1409 2433 3713 3841 4030 4062
3 5 9 17 97 929 1441 2465 3745 3873 4033 4094
3 5 9 17 97 2046 3070 3582 3838 3966 4001 4033
3 5 9 17 126 190 222 798 2017 3041 3358 3614
3 5 9 17 126 190 222 993 1822 2846 3553 3809
3 5 9 17 126 190 798 1313 1729 2497 2593 3102
3 5 9 17 126 225 353 609 1121 2145 4030 4062
3 5 9 17 126 225 865 1470 1758 2526 2750 3169
3 5 9 17 126 446 734 865 1249 2273 3422 3646
3 5 9 17 225 353 417 449 1022 1534 2558 3585
3 5 9 17 225 353 446 478 1662 2686 3198 3969
3 5 9 17 225 353 446 478 1921 2945 3457 3710
3 5 9 17 225 353 638 1569 2014 2625 3006 3198
3 5 9 17 225 353 897 1569 2014 2625 3006 3457
3 5 9 17 225 353 1633 2657 3169 4001 4033 4094
3 5 9 17 225 382 638 1214 1985 2270 2977 3169
3 5 9 17 225 510 766 1278 2302 3873 3905 3969
3 5 9 17 225 510 766 1278 2302 3937 4001 4033
3 5 9 17 225 801 1473 1790 2558 2753 3169 3233
3 5 9 17 225 801 2014 3038 3393 3518 3710 3713
3 5 9 17 225 830 1374 1694 2462 2654 3134 3841
3 5 9 17 225 865 1377 2401 3681 4001 4033 4094
3 5 9 17 225 894 1825 2014 2881 3006 3454 3710
3 5 9 17 225 1889 2913 3425 3681 4001 4033 4094
3 5 9 17 225 2046 3070 3582 3838 3937 4001 4033
3 5 9 17 254 481 737 1249 2273 3966 4030 4062
3 5 9 17 254 830 1374 1694 2462 2654 3134 4065
3 5 9 17 254 865 1441 1729 2497 2721 3169 3870
3 5 9 17 481 737 1249 2273 3841 3902 3934 3998
3 5 9 17 481 737 1249 2273 3937 4001 4033 4094
3 5 9 17 481 1022 1534 2558 3809 3937 4001 4033
3 5 9 17 481 1761 2785 3297 3937 4001 4033 4094
3 5 9 17 481 2046 3070 3582 3809 3937 4001 4033
3 5 9 17 510 993 1505 2529 3838 3966 4030 4062
3 5 9 17 510 1662 1950 2750 2910 3294 3390 4065
3 5 9 17 993 1505 2529 3809 3937 4001 4033 4094
3 5 9 30 46 78 142 497 753 1265 2289 3854
3 5 9 30 46 78 142 497 753 1806 2830 3313
3 5 9 30 46 78 142 497 782 1294 2318 3825
3 5 9 30 46 78 142 497 782 1777 2801 3342
3 5 9 30 46 78 241 369 625 1934 2958 3185
3 5 9 30 46 78 241 369 910 1422 2446 3697
3 5 9 30 46 78 241 369 910 1649 2673 3470
3 5 9 30 46 78 241 398 654 1166 2190 3953
3 5 9 30 46 78 241 398 654 1905 2929 3214
3 5 9 30 46 78 241 398 881 1393 2417 3726
3 5 9 30 46 78 241 398 881 1678 2702 3441
3 5 9 30 46 113 177 305 561 1998 3022 3121
3 5 9 30 46 113 177 305 974 1486 2510 3633
3 5 9 30 46 113 177 305 974 1585 2609 3534
3 5 9 30 46 113 177 462 718 1230 2254 3889
3 5 9 30 46 113 177 462 718 1841 2865 3278
3 5 9 30 46 113 177 462 817 1329 2353 3790
3 5 9 30 46 113 177 462 817 1742 2766 3377
3 5 9 30 46 113 206 334 590 1969 2993 3150
3 5 9 30 46 113 206 334 945 1457 2481 3662
3 5 9 30 46 113 206 334 945 1614 2638 3505
3 5 9 30 46 113 206 433 689 1201 2225 3918
3 5 9 30 46 113 206 433 689 1870 2894 3249
3 5 9 30 46 113 206 433 846 1358 2382 3761
3 5 9 30 46 113 206 433 846 1713 2737 3406
3 5 9 30 46 206 782 1393 1713 2481 2673 3086
3 5 9 30 46 241 817 1358 1678 2446 2638 3121
3 5 9 30 49 81 145 273 1006 1518 2542 3601
3 5 9 30 49 81 145 273 1006 1553 2577 3566
3 5 9 30 49 81 145 494 750 1262 2286 3857
3 5 9 30 49 81 145 494 750 1809 2833 3310
3 5 9 30 49 81 145 494 785 1297 2321 3822
3 5 9 30 49 81 145 494 785 1774 2798 3345
3 5 9 30 49 81 238 366 622 1937 2961 3182
3 5 9 30 49 81 238 366 913 1425 2449 3694
3 5 9 30 49 81 238 366 913 1646 2670 3473
3 5 9 30 49 81 238 401 657 1169 2193 3950
3 5 9 30 49 81 238 401 657 1902 2926 3217
3 5 9 30 49 81 238 401 878 1390 2414 3729
3 5 9 30 49 81 238 401 878 1681 2705 3438
3 5 9 30 49 110 174 302 558 2001 3025 3118
3 5 9 30 49 110 174 302 977 1489 2513 3630
3 5 9 30 49 110 174 302 977 1582 2606 3537
3 5 9 30 49 110 174 465 721 1233 2257 3886
3 5 9 30 49 110 174 465 721 1838 2862 3281
3 5 9 30 49 110 174 465 814 1326 2350 3793
3 5 9 30 49 110 174 465 814 1745 2769 3374
3 5 9 30 49 110 209 337 593 1966 2990 3153
3 5 9 30 49 110 209 337 942 1454 2478 3665
3 5 9 30 49 110 209 337 942 1617 2641 3502
3 5 9 30 49 110 209 430 686 1198 2222 3921
3 5 9 30 49 110 209 430 686 1873 2897 3246
3 5 9 30 49 110 209 430 849 1361 2385 3758
3 5 9 30 49 110 209 430 849 1710 2734 3409
3 5 9 30 49 209 785 1390 1710 2478 2670 3089
3 5 9 30 49 238 814 1361 1681 2449 2641 3118
3 5 9 30 110 174 782 1329 1745 2513 2609 3086
3 5 9 30 113 177 785 1326 1742 2510 2606 3089
3 5 9 49 81 97 254 382 638 1921 2945 3198
3 5 9 49 81 97 254 382 897 1409 2433 3710
3 5 9 49 81 97 254 382 897 1662 2686 3457
3 5 9 49 81 97 254 385 641 1153 2177 3966
3 5 9 49 81 97 254 385 641 1918 2942 3201
3 5 9 49 81 97 254 385 894 1406 2430 3713
3 5 9 49 81 97 254 385 894 1665 2689 3454
3 5 9 49 81 145 225 510 766 1278 2302 3841
3 5 9 49 81 145 225 510 766 1793 2817 3326
3 5 9 49 81 145 225 510 769 1281 2305 3838
3 5 9 49 81 145 225 510 769 1790 2814 3329
3 5 9 49 81 145 769 1310 1774 2542 2590 3073
3 5 9 49 81 145 785 1297 2321 3601 4065 4094
3 5 9 49 81 145 785 1505 1790 2558 2785 3089
3 5 9 49 81 385 1553 2577 3089 3681 3838 3966
3 5 9 49 81 385 1665 2689 3201 3841 3998 4078
3 5 9 49 81 401 1681 2705 3217 3857 4065 4094
3 5 9 49 81 897 1409 2433 3713 3841 3998 4078
3 5 9 49 81 913 1425 2449 3729 3857 4065 4094
3 5 9 49 126 190 830 1489 1761 2529 2769 3134
3 5 9 49 126 446 702 1233 1889 2273 2897 3134
3 5 9 49 193 769 1374 1454 1646 2414 2718 3073
3 5 9 49 193 769 1406 1726 2494 2686 3089 3105
3 5 9 49 193 785 1297 2321 3601 3873 3966 4030
3 5 9 49 209 337 401 481 1022 1534 2558 3585
3 5 9 49 209 337 609 958 1553 2577 3198 3489
3 5 9 49 209 337 1617 2641 3153 3985 4065 4094
3 5 9 49 209 353 446 638 1150 2174 3745 3857
3 5 9 49 209 353 1982 3006 3518 3710 3745 3857
3 5 9 49 209 785 1377 1470 1662 2430 2721 3089
3 5 9 49 209 785 1505 1790 2558 2785 3153 3217
3 5 9 49 209 798 1390 1710 2478 2670 3102 3841
3 5 9 49 209 849 1361 2385 3665 3985 4065 4094
3 5 9 49 209 894 1953 2977 3262 3425 3681 3857
3 5 9 49 222 878 1454 1729 2497 2734 3182 3870
3 5 9 49 254 382 446 1598 2622 3134 4049 4065
3 5 9 49 254 830 1361 1441 1633 2401 2705 3134
3 5 9 49 449 1729 2753 3265 3905 3969 4062 4078
3 5 9 49 465 737 894 958 1278 2302 3361 3601
3 5 9 49 465 1745 2769 3281 3921 3985 4065 4094
3 5 9 49 478 734 878 942 1985 3009 3310 3870
3 5 9 49 478 750 1390 1921 2478 2881 3265 3614
3 5 9 49 510 766 1854 2878 3198 3262 4049 4065
3 5 9 49 961 1473 2497 3777 3905 3969 4062 4078
3 5 9 49 977 1489 2513 3793 3921 3985 4065 4094
3 5 9 49 1022 1534 2558 3710 3774 3902 4049 4065
3 5 9 62 94 110 398 1009 1521 2545 3726 3854
3 5 9 62 94 110 497 910 1422 2446 3825 3953
3 5 9 62 94 158 782 1297 1761 2529 2577 3086
3 5 9 62 113 177 817 1502 1774 2542 2782 3121
3 5 9 62 113 433 689 1246 1902 2286 2910 3121
3 5 9 62 206 782 1361 1441 1633 2401 2705 3086
3 5 9 62 222 366 433 625 1137 2161 3758 3870
3 5 9 62 241 817 1374 1454 1646 2414 2718 3121
3 5 9 113 177 209 785 1505 1790 2558 2785 3089
3 5 9 113 177 222 238 830 1985 3009 3390 3646
3 5 9 113 177 222 238 961 1854 2878 3521 3777
3 5 9 113 177 305 465 481 1022 1534 2558 3585
3 5 9 113 177 305 574 1553 2030 2593 3038 3134
3 5 9 113 177 305 961 1553 2030 2593 3038 3521
3 5 9 113 177 305 1585 2609 3121 4049 4065 4094
3 5 9 113 177 478 734 1006 1809 2833 3134 3265
3 5 9 113 177 478 785 1006 1758 2782 3390 3521
3 5 9 113 177 785 1006 1313 1598 2366 2593 3281
3 5 9 113 177 798 1326 1742 2510 2606 3102 3841
3 5 9 113 177 817 1329 2353 3633 4049 4065 4094
3 5 9 113 177 830 1809 2030 2849 3038 3390 3646
3 5 9 113 177 961 1809 2030 2849 3038 3521 3777
3 5 9 113 177 977 1505 1790 2558 2785 3281 3889
3 5 9 113 190 318 574 1118 2017 2158 3025 3121
3 5 9 113 401 494 673 734 1214 2238 3265 3902
3 5 9 113 401 673 1217 1918 2302 2401 2641 3121
3 5 9 113 401 702 1553 2030 2721 2782 2878 3262
3 5 9 113 401 737 894 1278 2302 3361 3393 3601
3 5 9 113 401 737 894 1278 2302 3425 3633 3665
3 5 9 113 401 737 1918 2942 3326 3425 3633 3665
3 5 9 113 401 1697 2721 3233 3601 3806 3902 3905
3 5 9 113 401 2030 3054 3566 3745 3806 3902 3905
3 5 9 113 414 686 846 1921 2945 3278 3374 3614
3 5 9 113 433 1713 2737 3249 3889 4049 4065 4094
3 5 9 113 446 913 1006 1441 2465 3550 3774 3902
3 5 9 113 446 990 1953 2977 3310 3438 3473 3646
3 5 9 113 913 1425 2449 3601 3745 3806 3902 3905
3 5 9 113 913 1953 2014 3006 3009 3473 3729 3857
3 5 9 113 945 1457 2481 3761 3889 4049 4065 4094
3 5 9 113 958 1937 2030 2977 3038 3518 3774 3902
3 5 9 126 190 222 238 1806 2830 3342 3598 4081
3 5 9 126 190 222 238 2033 3057 3569 3825 3854
3 5 9 126 190 465 721 993 1822 2846 3121 3278
3 5 9 126 190 798 993 1326 1585 2353 2606 3294
3 5 9 126 190 817 1489 1761 2529 2769 3121 3854
3 5 9 126 414 481 686 721 1201 2225 3278 3889
3 5 9 126 414 686 846 2033 3057 3278 3374 3614
3 5 9 126 433 721 865 1934 2958 3297 3409 3633
3 5 9 241 369 433 1585 2609 3121 4033 4062 4078
3 5 9 241 369 433 1598 2622 3134 3601 3617 4046
3 5 9 241 369 446 478 494 1662 2686 3198 3969
3 5 9 241 369 913 1006 1441 1502 2494 2497 3697
3 5 9 241 369 958 1585 2609 3198 3473 3489 4033
3 5 9 241 369 1649 2673 3185 4017 4049 4065 4094
3 5 9 241 382 702 1246 2017 2286 3025 3505 3697
3 5 9 241 382 817 1361 2030 2401 3038 3518 3710
3 5 9 241 510 766 1278 2302 3857 3873 3905 3969
3 5 9 241 510 766 1278 2302 3953 4017 4049 4065
3 5 9 241 510 817 961 1361 1441 2401 2449 3838
3 5 9 241 881 1393 2417 3697 4017 4049 4065 4094
3 5 9 241 894 958 1985 3009 3294 3310 3377 3633
3 5 9 254 382 446 974 1486 2510 3614 3630 4081
3 5 9 254 382 926 993 1454 1489 2481 2510 3710
3 5 9 254 382 945 1598 2622 3185 3486 3502 4046
3 5 9 254 830 974 2033 3057 3422 3502 3694 3742
3 5 9 254 830 1374 2017 2414 3025 3505 3697 3726
3 5 9 254 881 945 1998 3022 3281 3297 3390 3646
3 5 9 254 2033 3057 3569 3825 3870 3886 3918 3982
3 5 9 497 753 1841 2865 3185 3249 4033 4062 4078
3 5 9 1009 1521 2545 3697 3761 3889 4033 4062 4078
3 5 14 22 38 121 185 313 966 1478 2502 3641
3 5 14 22 38 121 185 313 966 1593 2617 3526
3 5 14 22 38 121 185 454 710 1849 2873 3270
3 5 14 22 38 121 185 454 825 1337 2361 3782
3 5 14 22 38 121 185 454 825 1734 2758 3385
3 5 14 22 38 121 198 326 582 1977 3001 3142
3 5 14 22 38 121 198 326 953 1465 2489 3654
3 5 14 22 38 121 198 326 953 1606 2630 3513
3 5 14 22 38 121 198 441 697 1862 2886 3257
3 5 14 22 38 121 198 441 838 1350 2374 3769
3 5 14 22 38 121 198 441 838 1721 2745 3398
3 5 14 22 38 198 774 1401 1721 2489 2681 3078
3 5 14 22 38 249 825 1350 1670 2438 2630 3129
3 5 14 22 57 89 153 486 742 1817 2841 3302
3 5 14 22 57 89 153 486 793 1305 2329 3814
3 5 14 22 57 89 153 486 793 1766 2790 3353
3 5 14 22 57 89 230 358 614 1945 2969 3174
3 5 14 22 57 89 230 358 921 1433 2457 3686
3 5 14 22 57 89 230 358 921 1638 2662 3481
3 5 14 22 57 89 230 409 665 1894 2918 3225
3 5 14 22 57 89 230 409 870 1382 2406 3737
3 5 14 22 57 89 230 409 870 1689 2713 3430
3 5 14 22 57 102 166 294 985 1497 2521 3622
3 5 14 22 57 102 166 294 985 1574 2598 3545
3 5 14 22 57 102 166 473 729 1830 2854 3289
3 5 14 22 57 102 166 473 806 1318 2342 3801
3 5 14 22 57 102 166 473 806 1753 2777 3366
3 5 14 22 57 102 217 345 601 1958 2982 3161
3 5 14 22 57 102 217 345 934 1446 2470 3673
3 5 14 22 57 102 217 345 934 1625 2649 3494
3 5 14 22 57 102 217 422 678 1881 2905 3238
3 5 14 22 57 102 217 422 857 1369 2393 3750
3 5 14 22 57 102 217 422 857 1702 2726 3417
3 5 14 22 57 217 793 1382 1702 2470 2662 3097
3 5 14 22 57 230 806 1369 1689 2457 2649 3110
3 5 14 22 102 166 774 1337 1753 2521 2617 3078
3 5 14 22 121 185 793 1318 1734 2502 2598 3097
3 5 14 25 41 73 246 374 630 1929 2953 3190
3 5 14 25 41 73 246 374 905 1417 2441 3702
3 5 14 25 41 73 246 374 905 1654 2678 3465
3 5 14 25 41 73 246 393 649 1910 2934 3209
3 5 14 25 41 73 246 393 886 1398 2422 3721
3 5 14 25 41 73 246 393 886 1673 2697 3446
3 5 14 25 41 118 182 310 969 1481 2505 3638
3 5 14 25 41 118 182 310 969 1590 2614 3529
3 5 14 25 41 118 182 457 713 1846 2870 3273
3 5 14 25 41 118 182 457 822 1334 2358 3785
3 5 14 25 41 118 182 457 822 1737 2761 3382
3 5 14 25 41 118 201 329 585 1974 2998 3145
3 5 14 25 41 118 201 329 950 1462 2486 3657
3 5 14 25 41 118 201 329 950 1609 2633 3510
3 5 14 25 41 118 201 438 694 1865 2889 3254
3 5 14 25 41 118 201 438 841 1353 2377 3766
3 5 14 25 41 118 201 438 841 1718 2742 3401
3 5 14 25 41 201 777 1398 1718 2486 2678 3081
3 5 14 25 41 246 822 1353 1673 2441 2633 3126
3 5 14 25 54 86 150 489 745 1814 2838 3305
3 5 14 25 54 86 150 489 790 1302 2326 3817
3 5 14 25 54 86 150 489 790 1769 2793 3350
3 5 14 25 54 86 233 361 617 1942 2966 3177
3 5 14 25 54 86 233 361 918 1430 2454 3689
3 5 14 25 54 86 233 361 918 1641 2665 3478
3 5 14 25 54 86 233 406 662 1897 2921 3222
3 5 14 25 54 86 233 406 873 1385 2409 3734
3 5 14 25 54 86 233 406 873 1686 2710 3433
3 5 14 25 54 105 169 297 982 1494 2518 3625
3 5 14 25 54 105 169 297 982 1577 2601 3542
3 5 14 25 54 105 169 470 726 1833 2857 3286
3 5 14 25 54 105 169 470 809 1321 2345 3798
3 5 14 25 54 105 169 470 809 1750 2774 3369
3 5 14 25 54 105 214 342 598 1961 2985 3158
3 5 14 25 54 105 214 342 937 1449 2473 3670
3 5 14 25 54 105 214 342 937 1622 2646 3497
3 5 14 25 54 105 214 425 681 1878 2902 3241
3 5 14 25 54 105 214 425 854 1366 2390 3753
3 5 14 25 54 105 214 425 854 1705 2729 3414
3 5 14 25 54 214 790 1385 1705 2473 2665 3094
3 5 14 25 54 233 809 1366 1686 2454 2646 3113
3 5 14 25 105 169 777 1334 1750 2518 2614 3081
3 5 14 25 118 182 790 1321 1737 2505 2601 3094
3 5 14 54 86 150 774 1305 1769 2537 2585 3078
3 5 14 54 198 774 1369 1449 1641 2409 2713 3078
3 5 14 57 89 153 777 1302 1766 2534 2582 3081
3 5 14 57 201 777 1366 1446 1638 2406 2710 3081
3 5 25 41 193 321 590 950 1537 2561 3190 3470
3 5 25 41 193 769 1358 1462 1654 2422 2702 3073
3 5 25 41 193 769 1486 1782 2550 2766 3137 3201
3 5 25 41 193 817 1406 1726 2494 2686 3121 3849
3 5 25 41 201 329 625 958 1545 2569 3198 3505
3 5 25 41 201 777 1393 1470 1662 2430 2737 3081
3 5 25 41 201 777 1521 1790 2558 2801 3145 3209
3 5 25 41 201 782 1398 1718 2486 2678 3086 3841
3 5 25 41 206 886 1462 1729 2497 2742 3190 3854
3 5 25 41 241 817 1406 1726 2494 2686 3121 4041
3 5 25 41 241 894 1470 1737 2505 2750 3198 3889
3 5 25 41 254 830 1393 1713 2481 2673 3134 4041
3 5 25 41 462 718 886 950 1985 3009 3318 3854
3 5 25 41 462 758 1398 1921 2486 2881 3265 3598
3 5 25 41 497 753 894 958 1993 3017 3326 3889
3 5 25 41 497 766 1406 1929 2494 2889 3273 3633
3 5 25 41 497 1649 1982 2737 2942 3326 3377 4041
3 5 25 41 510 1662 1969 2750 2929 3313 3390 4041
3 5 25 62 94 158 798 1513 1777 2545 2793 3102
3 5 25 62 94 414 670 1257 1905 2289 2921 3102
3 5 25 62 222 350 606 1129 1969 2161 2985 3102
3 5 25 62 222 798 1385 1457 1649 2417 2729 3102
3 5 25 97 174 214 822 1358 1665 2433 2638 3126
3 5 25 97 430 470 897 1718 1870 2766 2870 3457
3 5 25 97 897 1409 2433 3585 3758 3798 3894 3918
3 5 25 105 169 478 734 817 1801 2825 3134 3281
3 5 25 105 169 782 1334 1750 2518 2614 3086 3841
3 5 25 105 169 969 1521 1790 2558 2801 3273 3881
3 5 25 105 177 222 830 1361 1673 2441 2641 3134
3 5 25 105 393 689 734 830 1214 2238 3409 3593
3 5 25 105 393 689 1886 2910 3294 3390 3409 3593
3 5 25 105 433 478 905 1726 1873 2769 2878 3465
3 5 25 105 905 1417 2441 3593 3761 3806 3902 3921
3 5 25 110 438 726 865 1249 2273 3414 3638 3982
3 5 25 126 190 798 1321 1489 1737 2505 2609 3102
3 5 25 225 801 1390 1462 1729 2497 2678 2734 3105
3 5 25 225 830 1374 1694 2462 2654 3134 3849 3857
3 5 25 233 369 446 478 638 1150 2174 3729 3849
3 5 25 233 369 1950 2974 3486 3646 3678 3729 3849
3 5 25 238 366 438 470 993 1505 2529 3702 3982
3 5 25 254 830 1374 1694 2462 2654 3134 4073 4081
3 5 25 254 830 1385 1457 1758 2526 2673 2729 3134
3 5 25 510 1662 1950 2750 2910 3294 3390 4073 4081
3 5 30 46 54 198 326 390 1542 2566 3078 4089
3 5 30 46 54 198 326 390 2041 3065 3577 3590
3 5 30 46 54 198 838 1414 1785 2553 2694 3142
3 5 30 46 54 249 377 441 1593 2617 3129 4038
3 5 30 46 54 249 377 441 1990 3014 3526 3641
3 5 30 46 54 249 889 1465 1734 2502 2745 3193
3 5 30 46 54 454 710 1798 2822 3142 3206 4089
3 5 30 46 54 454 761 1401 1926 2489 2886 3270
3 5 30 46 54 454 761 1606 1977 2694 2937 3321
3 5 30 46 54 454 1017 1529 2553 3782 3910 3974
3 5 30 46 54 454 1606 1977 2694 2937 3321 3334
3 5 30 46 54 454 2041 3065 3577 3654 3718 3846
3 5 30 46 54 505 761 1849 2873 3193 3257 4038
3 5 30 46 54 505 966 1478 2502 3833 3961 4025
3 5 30 46 54 505 1657 1926 2745 2886 3270 3385
3 5 30 46 54 505 1990 3014 3526 3705 3769 3897
3 5 30 46 54 1017 1529 2553 3705 3769 3897 4038
3 5 30 46 198 326 585 945 1542 2566 3185 3465
3 5 30 46 198 774 1353 1457 1649 2417 2697 3078
3 5 30 57 89 409 665 1262 1910 2294 2926 3097
3 5 30 57 217 793 1390 1462 1654 2422 2734 3097
3 5 30 102 169 209 817 1353 1670 2438 2633 3121
3 5 30 110 182 217 825 1366 1678 2446 2646 3129
3 5 30 121 185 793 1326 1494 1742 2510 2614 3097
3 5 30 238 246 825 1369 1689 2457 2649 3129 3846
3 5 57 89 110 118 414 993 1505 2529 3742 3870
3 5 57 89 110 118 481 926 1438 2462 3809 3937
3 5 57 89 153 782 1302 1766 2534 2582 3086 3841
3 5 57 89 153 798 1801 2038 2833 3054 3358 3614
3 5 57 89 158 393 649 1014 1169 2193 3310 3870
3 5 57 89 225 393 649 1014 1169 2193 3310 3937
3 5 57 89 233 777 1425 1694 2462 2705 3081 3958
3 5 57 89 238 393 649 1014 1902 2926 3230 3297
3 5 57 89 393 649 865 1014 1902 2926 3297 3857
3 5 57 89 393 649 1014 1169 2193 3310 3870 3937
3 5 57 89 393 649 1014 1902 2926 3230 3297 3857
3 5 57 89 393 670 1545 2038 2705 2798 2846 3230
3 5 57 89 393 737 1545 2038 2705 2798 2913 3297
3 5 57 89 393 753 1822 2846 3230 3345 3438 3593
3 5 57 89 489 753 894 1278 2302 3441 3689 3993
3 5 57 89 489 753 1918 2942 3326 3441 3689 3993
3 5 57 94 158 302 558 1009 1078 2102 3305 3865
3 5 57 94 174 241 822 1385 1689 2457 2665 3126
3 5 57 94 201 246 849 1390 1694 2462 2670 3153
3 5 57 201 246 337 366 414 1630 2654 3166 4001
3 5 57 201 246 337 366 414 1953 2977 3489 3678
3 5 57 201 246 337 366 417 1633 2657 3169 3998
3 5 57 201 246 337 366 417 1950 2974 3486 3681
3 5 57 201 246 337 366 606 1633 2657 3166 3998
3 5 57 201 246 337 366 609 1630 2654 3169 4001
3 5 57 201 337 609 958 1150 2174 3249 3369 3609
3 5 57 201 337 609 1982 3006 3198 3249 3369 3609
3 5 57 201 350 777 1014 1361 2385 3438 3486 3678
3 5 57 201 369 446 638 1150 2174 3729 3745 3849
3 5 57 201 369 446 638 1150 2174 3761 3865 3881
3 5 57 201 369 625 958 1201 2225 3198 3865 3881
3 5 57 201 369 1982 3006 3518 3710 3761 3865 3881
3 5 57 201 777 1361 1377 1726 2494 2686 2737 3081
3 5 57 201 777 1393 1470 1662 2430 2737 3097 3113
3 5 57 201 782 1366 1446 1638 2406 2710 3086 3841
3 5 57 201 849 878 926 929 1526 2550 3337 3830
3 5 57 201 849 878 926 1801 2825 3422 3678 4001
3 5 57 201 849 1801 2038 2910 2913 2961 3409 3665
3 5 57 201 862 1801 2038 2897 2926 2974 3422 3678
3 5 57 201 894 1969 2993 3262 3441 3697 3865 3881
3 5 57 206 342 422 961 1473 2497 3686 3734 3854
3 5 57 217 361 625 958 1150 2174 3233 3345 3593
3 5 57 217 793 1377 1726 2494 2686 2729 2737 3097
3 5 57 217 1001 1521 1790 2558 2801 3305 3929 3993
3 5 57 222 457 502 721 1233 2257 3822 3934 3998
3 5 57 254 830 1353 1361 1441 1633 2401 2713 3134
3 5 57 254 830 1353 1713 2481 2673 2713 2729 3134
3 5 57 457 502 721 750 1246 2270 3297 3934 3998
3 5 57 457 502 721 750 1249 2273 3294 3937 4001
3 5 57 457 502 721 862 926 1246 2270 3345 3822
3 5 57 457 713 1801 2038 2897 2926 2974 2977 3273
3 5 57 462 718 854 934 1806 2830 3174 3222 4033
3 5 57 478 1630 1929 2017 2734 2889 3273 3374 3985
3 5 57 510 766 1854 2878 3198 3262 4057 4073 4081
3 5 57 990 2017 3041 3310 3537 3793 3894 3913 3977
3 5 62 94 158 793 1513 1777 2545 2793 3097 3846
3 5 62 94 230 358 398 406 2041 3065 3577 3590
3 5 62 94 398 662 1894 2918 3302 3350 3598 4089
3 5 62 206 241 342 361 409 1625 2649 3161 4006
3 5 62 206 241 342 361 409 1958 2982 3494 3673
3 5 62 206 241 342 361 422 1638 2662 3174 3993
3 5 62 206 241 342 361 422 1945 2969 3481 3686
3 5 62 206 241 342 361 601 1638 2662 3161 3993
3 5 62 206 241 342 361 614 1625 2649 3174 4006
3 5 62 206 342 422 1017 1529 2553 3686 3734 3854
3 5 62 206 342 422 2041 3065 3577 3686 3734 3854
3 5 62 206 854 934 1806 2830 3174 3222 3577 3833
3 5 62 217 361 433 966 1478 2502 3697 3753 3865
3 5 62 217 793 966 1385 1457 1649 2417 2729 3102
3 5 62 222 238 374 630 953 1206 2230 3193 3854
3 5 62 222 366 630 1977 3001 3193 3238 3350 3598
3 5 62 222 798 1382 1465 1657 2425 2734 2742 3102
3 5 62 222 889 1958 2982 3257 3430 3686 3854 3862
3 5 62 473 729 873 945 1817 2841 3185 3241 4038
3 5 62 505 761 1849 2873 3193 3257 4046 4054 4070
3 5 121 185 222 238 246 830 1985 3009 3390 3646
3 5 121 185 318 793 1321 2038 2353 3054 3550 3646
3 5 121 185 457 721 798 1825 2849 3302 3345 3593
3 5 121 185 478 734 1006 1014 1817 2841 3134 3265
3 5 121 185 793 993 1006 1321 1737 2505 2601 4086
3 5 121 190 318 606 1134 2033 2166 3049 3545 3641
3 5 121 254 382 921 993 1449 1489 2481 2505 3710
3 5 121 254 409 481 681 721 1918 2942 3249 3273
3 5 121 254 409 481 894 1705 1745 2737 2761 3454
3 5 121 409 1561 2017 2030 2729 2889 3273 3369 4086
3 5 121 409 1705 1713 1758 1854 2750 3262 3609 4065
3 5 121 409 1705 1726 1745 1841 2737 3249 3609 4078
3 5 121 441 473 745 753 894 1278 2302 3425 3609
3 5 121 446 921 1449 2038 2481 3054 3550 3774 3902
3 5 126 190 473 798 1001 1009 1753 2777 3385 3526
3 5 126 190 798 2022 3046 3374 3542 3638 3790 4089
3 5 126 190 985 1513 1777 2545 2793 3289 3897 4038
3 5 126 414 486 686 726 822 2041 3065 3254 3918
3 5 126 414 486 1017 1529 2553 3758 3798 3894 3918
3 5 126 414 486 1017 1710 1750 1846 2742 2894 3577
3 5 126 414 486 2041 3065 3577 3758 3798 3894 3918
3 5 126 414 697 1566 2025 2033 2726 2777 2873 3257
3 5 126 441 729 1257 1905 1934 2294 2921 3417 3641
3 5 126 446 478 750 758 1913 2937 3321 3430 3614
3 5 126 505 926 998 1454 1494 2486 2510 3833 3961
3 5 126 921 993 1449 2473 3281 3409 3633 3657 3974
3 5 249 377 1950 2974 3486 3609 3694 3702 4001 4033
3 5 249 825 1369 1689 2017 2030 3017 3497 3689 4086
3 5 249 825 1369 1689 2457 2649 3129 4065 4078 4086
3 5 254 889 1822 2025 2033 2918 3001 3033 3449 3705
3 5 505 1657 1945 2745 2905 3289 3385 4065 4078 4086
3 13 21 97 161 793 1342 1758 2526 2622 3097 3845
3 13 21 97 166 218 826 1350 1665 2433 2630 3130
3 13 21 97 422 474 897 1722 1862 2758 2874 3457
3 13 21 122 186 794 1318 1734 2502 2598 3098 4065
3 13 21 230 806 2010 3034 3398 3514 3706 3718 4065
3 13 30 46 206 782 1397 1465 1657 2425 2741 3086
3 13 30 110 174 782 1333 1497 1749 2517 2617 3086
3 13 30 110 181 217 825 1365 1678 2446 2645 3129
3 13 49 86 106 193 833 1434 1702 2470 2714 3137
3 13 49 193 769 1366 1386 1434 1626 2394 2726 3073
3 13 49 193 773 1289 1630 1710 2414 2462 2569 3077
3 13 49 197 822 1402 1722 2490 2682 3126 3857 3873
3 13 49 197 969 1502 1774 2542 2782 3273 3909 3973
3 13 49 214 234 449 705 1882 1958 2918 2970 3265
3 13 49 214 874 1450 1729 2497 2730 3178 3866 3878
3 13 49 470 490 730 1370 1921 2458 2881 3265 3622
3 13 49 470 726 874 938 1985 3009 3290 3302 3862
3 13 53 89 110 158 798 1449 1733 2501 2729 3102
3 13 53 94 158 233 793 1326 1733 2501 2606 3097
3 13 53 197 773 1369 1390 1438 1630 2398 2729 3077
3 13 53 197 774 1370 1450 1642 2410 2714 3078 3841
3 13 53 198 774 1370 1450 1642 2410 2714 3078 4033
3 13 53 198 858 938 1386 1729 2497 2666 3226 3846
3 13 53 213 997 1529 1790 2558 2809 3301 3925 3989
3 13 53 249 825 1406 1726 2494 2686 3129 4053 4069
3 13 53 254 830 1401 1721 2489 2681 3134 4053 4069
3 13 53 453 729 750 862 926 1246 2270 3369 3589
3 13 53 474 746 1386 1926 2474 2886 3270 3610 4033
3 13 53 505 1657 1982 2745 2942 3326 3385 4053 4069
3 13 53 510 1662 1977 2750 2937 3321 3390 4053 4069
3 13 54 218 794 1386 1706 2474 2666 3098 4038 4081
3 13 54 474 1626 1962 2714 2922 3306 3354 4038 4081
3 13 62 206 782 1365 1385 1433 1625 2393 2725 3086
3 13 62 206 798 814 1525 1785 2553 2805 3150 3214
3 13 113 177 798 1326 1742 2510 2606 3102 3845 3849
3 13 117 185 222 238 830 1353 1669 2437 2633 3134
3 13 118 182 986 1514 1777 2545 2794 3290 3898 4038
3 13 118 406 481 682 721 817 1370 2394 3249 3910
3 13 118 406 490 678 730 838 2033 3057 3270 3898
3 13 126 190 798 1326 1742 2510 2606 3102 4085 4089
3 13 126 190 974 1525 1785 2553 2805 3278 3870 3886
3 13 126 414 686 1870 2894 3278 3374 3614 4085 4089
3 13 245 821 974 1369 1705 2409 2713 3134 3461 3653
3 13 246 822 986 1002 1393 1713 2481 2673 3130 4038
3 13 254 382 1598 1998 2654 2990 3182 3486 4085 4089
3 13 254 830 1998 3022 3422 3502 3694 3742 4085 4089
3 29 45 54 58 206 846 1422 1777 2545 2702 3150
3 29 45 54 58 462 718 1806 2830 3150 3214 4081
3 29 45 54 58 462 753 1393 1934 2481 2894 3278
3 29 45 54 58 462 1614 1969 2702 2929 3313 3342
3 29 45 78 197 250 841 1398 1678 2446 2678 3145
3 29 45 197 250 329 585 886 1929 2953 3150 3185
3 29 45 197 250 374 630 841 1974 2998 3150 3185
3 29 45 197 325 590 625 905 1541 2565 3145 3510
3 29 45 197 502 758 841 905 1797 2821 3278 3313
3 29 45 197 773 1353 1398 1422 1614 2382 2745 3077
3 29 45 197 773 1353 1462 1673 2441 2638 2673 3077
3 29 45 197 774 1354 1458 1650 2418 2698 3078 3841
3 29 45 246 822 1402 1722 2490 2682 3126 4046 4081
3 29 45 246 837 1413 1737 2505 2693 3141 3854 3889
3 29 45 246 846 881 1462 1733 2501 2742 3190 3322
3 29 45 246 890 1466 1742 2510 2746 3194 3894 4081
3 29 45 453 718 753 1398 1925 2486 2885 3269 3529
3 29 45 453 718 753 1605 1929 2693 2889 3273 3382
3 29 45 453 758 969 1605 1974 2693 2934 3278 3313
3 29 45 453 758 1018 1398 1925 2486 2885 3278 3313
3 29 45 502 1654 1978 2742 2938 3322 3382 4046 4081
3 29 46 86 121 154 794 1461 1741 2509 2741 3098
3 29 101 122 169 209 817 1353 1670 2438 2633 3121
3 29 101 169 209 818 1354 1670 2438 2634 3122 3841
3 29 101 169 781 1329 1758 2526 2622 2649 2709 3085
3 29 101 389 506 681 694 1198 2222 3249 3790 3886
3 29 101 389 506 681 694 1201 2225 3246 3793 3889
3 29 101 389 681 694 718 721 1530 2554 3205 3845
3 29 101 389 681 694 718 814 1198 2222 3578 3589
3 29 101 389 681 1201 1886 2270 2366 2393 2581 3085
3 29 101 389 681 1541 2042 2734 2737 2761 2857 3241
3 29 101 389 686 1541 2042 2729 2742 2766 2862 3246
3 29 101 389 697 734 830 1214 2238 3401 3409 3589
3 29 101 389 697 734 830 1214 2238 3417 3597 3605
3 29 101 389 697 1886 2910 3294 3390 3417 3597 3605
3 29 101 397 953 1614 2638 3118 3145 3286 3414 3589
3 29 101 425 438 462 465 762 1669 2693 3322 3962
3 29 101 430 901 1413 2042 2473 2486 2510 3758 3886
3 29 109 182 826 1457 1754 2522 2737 3130 3926 3982
3 29 109 501 761 894 1278 2302 3449 3701 4013 4045
3 29 109 501 761 1918 2942 3326 3449 3701 4013 4045
3 29 229 250 361 374 622 1585 1998 2641 2990 3182
3 29 229 361 625 1950 2974 3134 3166 3225 3349 3597
3 29 229 366 805 1349 2042 2409 2422 3022 3502 3694
3 61 126 205 241 853 873 1369 1726 2494 2649 3173
3 61 205 341 601 930 1118 2142 3169 3217 3337 3589
3 61 205 350 781 1365 2042 2393 3062 3438 3486 3678
3 61 205 781 1365 1374 1385 1433 1625 2393 3085 4086
3 61 222 238 822 1338 1777 2545 2618 3126 3917 3981
3 61 453 730 1386 1697 1814 2482 2662 2825 3153 3214
3 61 461 753 1398 1694 1833 2490 2670 2837 3161 3237
3 61 461 758 762 1613 1969 2701 2929 3313 3358 3374
3 61 973 1526 1786 2554 2806 3277 3870 3886 3953 4017
3 125 190 350 622 1142 2041 2170 3061 3565 3805 3901
3 125 414 742 1386 1721 1877 2545 2650 2861 3126 3277
3 125 909 1457 1750 1898 2522 2785 2870 3246 3397 3609
3 253 829 1998 2034 3030 3050 3134 3417 3493 3685 3737
7 25 42 204 780 1396 1716 2484 2676 3084 4050 4065
7 25 42 244 820 1347 1676 2444 2636 2706 2721 3124
7 25 42 460 1612 1972 2700 2932 3316 3340 4050 4065
7 25 97 170 180 204 812 1362 1665 2433 2642 3116
7 25 97 426 436 460 897 1708 1874 2770 2860 3457
7 25 225 801 970 980 1345 1665 2433 2625 3116 3122
7 25 234 244 481 812 978 1356 1458 2418 2444 3809
15 51 60 213 789 1366 1449 1641 2409 2714 2726 3093
15 51 60 469 474 486 1641 1942 2729 2902 3286 3369
15 51 195 771 1365 1370 1382 1705 2473 2665 2710 3075
15 51 212 232 792 1316 1601 1666 2370 2433 2596 3096
15 51 213 789 1347 1468 1667 2435 2650 2662 2665 3093
15 243 252 821 965 1366 1625 2393 2646 3173 3221 4010
31 227 364 692 1329 1605 1930 2437 2601 2898 3110 3288
31 227 805 1400 1740 1938 2516 2744 2890 3110 3465 3665
63 455 729 1258 1803 1908 2394 2659 2988 3149 3505 3734
