9 1537
3 5 14 22 38 70 134 262 505
3 5 14 22 38 70 249 377 390
3 5 14 22 38 121 185 313 454
3 5 14 22 38 121 198 326 441
3 5 14 22 38 198 262 377 441
3 5 14 22 38 249 313 326 390
3 5 14 22 57 89 153 281 486
3 5 14 22 57 89 230 358 409
3 5 14 22 57 102 166 294 473
3 5 14 22 57 102 217 345 422
3 5 14 22 57 217 281 358 422
3 5 14 22 57 230 294 345 409
3 5 14 22 102 134 185 294 473
3 5 14 22 102 134 262 441 473
3 5 14 22 102 166 262 313 473
3 5 14 22 121 153 166 313 454
3 5 14 22 121 153 281 422 454
3 5 14 22 121 185 281 294 454
3 5 14 22 230 262 313 345 409
3 5 14 22 249 281 294 326 390
3 5 14 25 41 73 137 265 502
3 5 14 25 41 73 246 374 393
3 5 14 25 41 118 182 310 457
3 5 14 25 41 118 201 329 438
3 5 14 25 41 201 265 374 438
3 5 14 25 41 246 310 329 393
3 5 14 25 54 86 150 278 489
3 5 14 25 54 86 233 361 406
3 5 14 25 54 105 169 297 470
3 5 14 25 54 105 214 342 425
3 5 14 25 54 214 278 361 425
3 5 14 25 54 233 297 342 406
3 5 14 25 105 137 182 297 470
3 5 14 25 105 137 265 438 470
3 5 14 25 105 169 265 310 470
3 5 14 25 118 150 169 310 457
3 5 14 25 118 150 278 425 457
3 5 14 25 118 182 278 297 457
3 5 14 25 233 265 310 342 406
3 5 14 25 246 278 297 329 393
3 5 14 54 70 89 150 278 489
3 5 14 54 70 89 233 361 406
3 5 14 54 70 134 217 278 489
3 5 14 54 70 134 262 473 489
3 5 14 54 70 150 262 345 489
3 5 14 54 86 134 153 278 489
3 5 14 54 86 134 262 409 489
3 5 14 54 86 150 262 281 489
3 5 14 54 214 262 281 361 425
3 5 14 57 73 86 153 281 486
3 5 14 57 73 86 230 358 409
3 5 14 57 73 137 214 281 486
3 5 14 57 73 137 265 470 486
3 5 14 57 73 153 265 342 486
3 5 14 57 89 137 150 281 486
3 5 14 57 89 137 265 406 486
3 5 14 57 89 153 265 278 486
3 5 14 57 217 265 278 358 422
3 5 14 118 134 153 169 310 457
3 5 14 118 134 153 278 425 457
3 5 14 118 134 262 409 425 457
3 5 14 118 150 262 281 425 457
3 5 14 118 182 262 281 297 457
3 5 14 121 137 150 166 313 454
3 5 14 121 137 150 281 422 454
3 5 14 121 137 265 406 422 454
3 5 14 121 153 265 278 422 454
3 5 14 121 185 265 278 294 454
3 5 14 246 262 281 297 329 393
3 5 14 249 265 278 294 326 390
3 5 30 38 41 78 142 270 497
3 5 30 38 41 78 241 369 398
3 5 30 38 41 113 177 305 462
3 5 30 38 41 113 206 334 433
3 5 30 38 41 206 270 369 433
3 5 30 38 41 241 305 334 398
3 5 30 38 70 105 142 270 497
3 5 30 38 70 105 241 369 398
3 5 30 38 70 134 233 270 497
3 5 30 38 70 134 262 489 497
3 5 30 38 70 142 262 361 497
3 5 30 38 78 134 169 270 497
3 5 30 38 78 134 262 425 497
3 5 30 38 78 142 262 297 497
3 5 30 38 206 262 297 369 433
3 5 30 46 54 198 326 390 505
3 5 30 46 54 249 377 441 454
3 5 30 46 70 73 142 270 497
3 5 30 46 70 73 241 369 398
3 5 30 46 70 134 201 270 497
3 5 30 46 70 134 262 457 497
3 5 30 46 70 142 262 329 497
3 5 30 46 78 134 137 270 497
3 5 30 46 78 134 262 393 497
3 5 30 46 78 142 262 265 497
3 5 30 46 206 262 265 369 433
3 5 30 57 89 153 281 494 502
3 5 30 102 142 150 294 326 505
3 5 30 102 166 198 270 278 505
3 5 30 102 169 209 305 329 390
3 5 30 105 166 209 305 326 393
3 5 30 105 177 198 294 337 393
3 5 30 110 134 137 177 302 465
3 5 30 110 134 137 270 433 465
3 5 30 110 134 262 393 433 465
3 5 30 110 142 262 265 433 465
3 5 30 110 174 262 265 305 465
3 5 30 110 182 217 313 342 398
3 5 30 110 185 214 310 345 398
3 5 30 121 174 214 310 334 409
3 5 30 230 270 278 377 441 473
3 5 30 238 262 265 305 337 401
3 5 62 70 73 81 158 286 481
3 5 62 70 73 81 225 353 414
3 5 62 70 73 142 209 286 481
3 5 62 70 73 142 270 465 481
3 5 62 70 73 158 270 337 481
3 5 62 70 134 201 209 286 481
3 5 62 70 134 201 270 465 481
3 5 62 70 134 262 457 465 481
3 5 62 70 142 262 329 465 481
3 5 62 70 158 262 329 337 481
3 5 62 73 145 230 289 342 398
3 5 62 78 134 137 209 286 481
3 5 62 78 134 137 270 465 481
3 5 62 78 134 262 393 465 481
3 5 62 78 142 262 265 465 481
3 5 62 78 158 262 265 337 481
3 5 62 78 214 233 345 358 398
3 5 62 78 217 230 342 361 398
3 5 62 89 169 246 305 366 414
3 5 62 89 206 241 342 361 409
3 5 62 94 134 137 145 286 481
3 5 62 94 134 137 270 401 481
3 5 62 94 134 262 393 401 481
3 5 62 94 142 262 265 401 481
3 5 62 94 158 262 265 273 481
3 5 62 94 230 358 398 406 505
3 5 62 121 185 313 478 494 502
3 5 62 198 326 390 473 489 497
3 5 62 206 214 286 358 422 505
3 5 62 206 241 342 361 409 422
3 5 62 206 241 345 358 406 425
3 5 62 206 270 342 361 409 422
3 5 62 206 270 345 358 406 425
3 5 62 217 230 334 369 406 425
3 5 62 217 281 334 369 406 425
3 5 62 222 262 265 273 353 417
3 5 62 249 377 441 462 470 486
3 5 126 134 137 145 161 318 449
3 5 126 134 137 145 286 417 449
3 5 126 134 137 270 401 417 449
3 5 126 134 262 393 401 417 449
3 5 126 142 262 265 401 417 449
3 5 126 153 174 225 297 438 462
3 5 126 153 225 297 337 438 462
3 5 126 153 286 297 337 438 462
3 5 126 158 169 209 281 438 462
3 5 126 158 262 265 273 417 449
3 5 126 190 262 265 273 289 449
3 5 126 190 318 454 473 489 497
3 5 126 190 318 462 470 486 505
3 5 126 249 377 446 478 494 502
3 5 254 262 265 273 289 321 385
3 5 254 270 281 297 329 393 502
3 5 254 286 313 345 409 494 502
3 5 254 318 377 441 478 494 502
3 5 254 382 390 393 401 417 449
3 5 254 382 398 409 425 457 502
3 5 254 382 414 441 473 494 502
3 5 254 382 446 454 457 465 481
3 5 254 382 446 462 473 489 502
3 5 254 382 446 478 486 489 497
3 5 254 382 446 478 494 502 505
3 5 9 17 33 65 129 257 510
3 5 9 17 33 65 254 382 385
3 5 9 17 33 126 190 318 449
3 5 9 17 33 126 193 321 446
3 5 9 17 33 193 257 382 446
3 5 9 17 33 193 321 385 510
3 5 9 17 33 254 318 321 385
3 5 9 17 33 254 382 446 449
3 5 9 17 62 94 158 286 481
3 5 9 17 62 94 225 353 414
3 5 9 17 62 97 161 289 478
3 5 9 17 62 97 222 350 417
3 5 9 17 62 222 286 353 417
3 5 9 17 62 225 289 350 414
3 5 9 17 97 129 190 289 478
3 5 9 17 97 129 257 446 478
3 5 9 17 97 129 289 321 510
3 5 9 17 97 161 193 257 510
3 5 9 17 97 161 257 318 478
3 5 9 17 97 161 289 449 510
3 5 9 17 97 254 382 417 449
3 5 9 17 126 158 161 318 449
3 5 9 17 126 158 286 417 449
3 5 9 17 126 190 286 289 449
3 5 9 17 126 225 353 446 478
3 5 9 17 225 257 318 350 414
3 5 9 17 225 257 382 446 478
3 5 9 17 225 289 321 385 510
3 5 9 17 225 289 382 446 449
3 5 9 17 225 353 385 446 478
3 5 9 17 225 353 417 449 510
3 5 9 17 254 286 289 321 385
3 5 9 17 254 318 353 417 478
3 5 9 17 254 382 414 417 449
3 5 9 17 254 382 446 478 481
3 5 9 30 46 78 142 270 497
3 5 9 30 46 78 241 369 398
3 5 9 30 46 113 177 305 462
3 5 9 30 46 113 206 334 433
3 5 9 30 46 206 270 369 433
3 5 9 30 46 241 305 334 398
3 5 9 30 49 81 145 273 494
3 5 9 30 49 81 238 366 401
3 5 9 30 49 110 174 302 465
3 5 9 30 49 110 209 337 430
3 5 9 30 49 209 273 366 430
3 5 9 30 49 238 302 337 401
3 5 9 30 110 142 177 302 465
3 5 9 30 110 142 270 433 465
3 5 9 30 110 174 270 305 465
3 5 9 30 113 145 174 305 462
3 5 9 30 113 145 273 430 462
3 5 9 30 113 177 273 302 462
3 5 9 30 238 270 305 337 401
3 5 9 30 241 273 302 334 398
3 5 9 49 65 94 145 273 494
3 5 9 49 65 94 238 366 401
3 5 9 49 65 129 222 273 494
3 5 9 49 65 129 257 478 494
3 5 9 49 65 129 273 289 510
3 5 9 49 65 145 161 257 510
3 5 9 49 65 145 257 350 494
3 5 9 49 65 145 273 417 510
3 5 9 49 65 254 382 401 417
3 5 9 49 81 97 129 257 510
3 5 9 49 81 97 254 382 385
3 5 9 49 81 129 158 273 494
3 5 9 49 81 129 257 414 494
3 5 9 49 81 129 273 353 510
3 5 9 49 81 145 225 257 510
3 5 9 49 81 145 257 286 494
3 5 9 49 81 145 273 481 510
3 5 9 49 126 190 318 465 481
3 5 9 49 193 273 289 382 446
3 5 9 49 193 321 385 478 494
3 5 9 49 209 225 257 382 446
3 5 9 49 209 257 286 366 430
3 5 9 49 209 337 401 481 510
3 5 9 49 254 382 446 465 481
3 5 9 62 78 81 158 286 481
3 5 9 62 78 81 225 353 414
3 5 9 62 78 142 209 286 481
3 5 9 62 78 142 270 465 481
3 5 9 62 78 158 270 337 481
3 5 9 62 94 142 145 286 481
3 5 9 62 94 142 270 401 481
3 5 9 62 94 158 270 273 481
3 5 9 62 113 177 305 478 494
3 5 9 62 222 270 273 353 417
3 5 9 113 129 158 174 305 462
3 5 9 113 129 158 273 430 462
3 5 9 113 129 190 305 478 494
3 5 9 113 129 257 414 430 462
3 5 9 113 129 257 446 478 494
3 5 9 113 129 273 289 321 510
3 5 9 113 129 273 353 446 478
3 5 9 113 129 305 321 478 494
3 5 9 113 129 305 337 353 510
3 5 9 113 145 161 193 257 510
3 5 9 113 145 225 257 446 478
3 5 9 113 145 257 286 430 462
3 5 9 113 145 305 337 481 510
3 5 9 113 177 193 257 478 494
3 5 9 113 177 209 225 257 510
3 5 9 113 177 209 273 481 510
3 5 9 113 177 257 286 302 462
3 5 9 113 177 257 318 478 494
3 5 9 113 177 305 449 478 494
3 5 9 113 177 305 465 481 510
3 5 9 113 254 382 401 417 449
3 5 9 113 254 382 433 465 481
3 5 9 126 142 145 161 318 449
3 5 9 126 142 145 286 417 449
3 5 9 126 142 270 401 417 449
3 5 9 126 158 270 273 417 449
3 5 9 126 190 270 273 289 449
3 5 9 126 241 369 446 478 494
3 5 9 241 257 286 302 334 398
3 5 9 241 257 382 446 478 494
3 5 9 241 273 289 321 385 510
3 5 9 241 273 318 350 414 481
3 5 9 241 273 353 417 449 510
3 5 9 241 273 382 446 478 481
3 5 9 241 305 321 401 417 510
3 5 9 241 305 337 353 385 510
3 5 9 241 305 337 401 481 510
3 5 9 241 305 382 446 465 481
3 5 9 241 369 385 414 430 462
3 5 9 241 369 385 446 478 494
3 5 9 241 369 401 417 449 510
3 5 9 241 369 401 446 478 481
3 5 9 241 369 433 449 478 494
3 5 9 241 369 433 465 481 510
3 5 9 254 270 273 289 321 385
3 5 9 254 286 305 337 401 494
3 5 9 254 318 369 433 478 494
3 5 9 254 382 398 401 417 449
3 5 9 254 382 414 433 465 494
3 5 9 254 382 446 462 465 481
3 5 9 254 382 446 478 494 497
3 5 25 33 46 73 137 265 502
3 5 25 33 46 73 246 374 393
3 5 25 33 46 118 182 310 457
3 5 25 33 46 118 201 329 438
3 5 25 33 46 201 265 374 438
3 5 25 33 46 246 310 329 393
3 5 25 33 65 110 137 265 502
3 5 25 33 65 110 246 374 393
3 5 25 33 65 129 238 265 502
3 5 25 33 65 129 257 494 502
3 5 25 33 65 129 265 273 510
3 5 25 33 65 137 145 257 510
3 5 25 33 65 137 257 366 502
3 5 25 33 65 137 265 401 510
3 5 25 33 65 254 382 393 401
3 5 25 33 73 81 129 257 510
3 5 25 33 73 81 254 382 385
3 5 25 33 73 129 174 265 502
3 5 25 33 73 129 257 430 502
3 5 25 33 73 129 265 337 510
3 5 25 33 73 137 209 257 510
3 5 25 33 73 137 257 302 502
3 5 25 33 73 137 265 465 510
3 5 25 33 126 190 318 457 465
3 5 25 33 193 265 273 382 446
3 5 25 33 193 321 385 494 502
3 5 25 33 201 209 257 382 446
3 5 25 33 201 257 302 374 438
3 5 25 33 201 329 393 465 510
3 5 25 33 254 382 446 457 465
3 5 25 41 49 65 129 257 510
3 5 25 41 49 65 254 382 385
3 5 25 41 49 126 190 318 449
3 5 25 41 49 126 193 321 446
3 5 25 41 49 193 257 382 446
3 5 25 41 49 254 318 321 385
3 5 25 41 65 78 137 265 502
3 5 25 41 65 78 246 374 393
3 5 25 41 65 129 206 265 502
3 5 25 41 65 129 257 462 502
3 5 25 41 65 129 265 305 510
3 5 25 41 65 137 177 257 510
3 5 25 41 65 137 257 334 502
3 5 25 41 65 137 265 433 510
3 5 25 41 73 113 129 257 510
3 5 25 41 73 113 254 382 385
3 5 25 41 73 129 142 265 502
3 5 25 41 73 129 257 398 502
3 5 25 41 73 129 265 369 510
3 5 25 41 73 137 241 257 510
3 5 25 41 73 137 257 270 502
3 5 25 41 73 137 265 497 510
3 5 25 41 193 265 305 382 446
3 5 25 41 193 321 385 462 502
3 5 25 41 201 257 270 374 438
3 5 25 41 201 329 393 497 510
3 5 25 62 94 158 286 489 497
3 5 25 97 129 265 273 446 478
3 5 25 97 129 289 321 494 502
3 5 25 97 137 145 190 289 478
3 5 25 97 137 145 257 446 478
3 5 25 97 137 265 401 446 478
3 5 25 97 137 289 321 366 502
3 5 25 97 161 193 238 265 502
3 5 25 97 161 193 257 494 502
3 5 25 97 161 265 273 318 478
3 5 25 97 161 289 449 494 502
3 5 25 97 174 214 310 334 385
3 5 25 105 113 129 257 446 478
3 5 25 105 129 142 182 297 470
3 5 25 105 129 142 265 438 470
3 5 25 105 129 257 398 438 470
3 5 25 105 129 297 329 369 510
3 5 25 105 137 257 270 438 470
3 5 25 105 137 297 329 497 510
3 5 25 105 169 201 241 257 510
3 5 25 105 169 201 265 497 510
3 5 25 105 169 257 270 310 470
3 5 25 105 169 297 457 497 510
3 5 25 105 177 222 318 337 393
3 5 25 105 190 209 305 350 393
3 5 25 110 161 214 310 321 398
3 5 25 110 182 193 289 342 398
3 5 25 126 169 209 305 329 414
3 5 25 225 265 273 318 350 414
3 5 25 225 289 321 385 494 502
3 5 25 225 353 417 449 494 502
3 5 25 233 241 257 318 350 414
3 5 25 233 241 257 382 446 478
3 5 25 233 257 270 310 342 406
3 5 25 233 297 329 393 497 510
3 5 25 233 361 425 457 497 510
3 5 25 254 382 446 478 489 497
3 5 57 65 78 86 153 281 486
3 5 57 65 78 86 230 358 409
3 5 57 65 78 137 214 281 486
3 5 57 65 78 137 265 470 486
3 5 57 65 78 153 265 342 486
3 5 57 65 94 153 281 494 502
3 5 57 65 129 206 214 281 486
3 5 57 65 129 206 265 470 486
3 5 57 65 129 222 281 494 502
3 5 57 65 129 257 462 470 486
3 5 57 65 129 257 478 494 502
3 5 57 65 129 265 273 289 510
3 5 57 65 129 265 305 478 494
3 5 57 65 129 281 289 494 502
3 5 57 65 129 281 297 305 510
3 5 57 65 137 145 161 257 510
3 5 57 65 137 177 257 478 494
3 5 57 65 137 257 334 470 486
3 5 57 65 137 281 297 433 510
3 5 57 65 153 161 257 494 502
3 5 57 65 153 169 177 257 510
3 5 57 65 153 169 265 433 510
3 5 57 65 153 257 334 342 486
3 5 57 65 153 257 350 494 502
3 5 57 65 153 281 417 494 502
3 5 57 65 153 281 425 433 510
3 5 57 65 254 382 393 401 417
3 5 57 65 254 382 409 425 433
3 5 57 73 81 97 129 257 510
3 5 57 73 81 97 254 382 385
3 5 57 73 113 129 257 478 494
3 5 57 73 129 142 214 281 486
3 5 57 73 129 142 265 470 486
3 5 57 73 129 257 398 470 486
3 5 57 73 129 281 297 369 510
3 5 57 73 137 257 270 470 486
3 5 57 73 137 281 297 497 510
3 5 57 73 153 169 241 257 510
3 5 57 73 153 169 265 497 510
3 5 57 73 153 257 270 342 486
3 5 57 73 153 281 425 497 510
3 5 57 73 209 238 350 353 393
3 5 57 73 222 225 337 366 393
3 5 57 78 150 225 294 337 393
3 5 57 89 97 129 257 494 502
3 5 57 89 105 113 129 257 510
3 5 57 89 105 113 254 382 385
3 5 57 89 105 129 265 369 510
3 5 57 89 105 137 241 257 510
3 5 57 89 105 137 265 497 510
3 5 57 89 129 142 150 281 486
3 5 57 89 129 142 265 406 486
3 5 57 89 129 158 281 494 502
3 5 57 89 129 257 398 406 486
3 5 57 89 129 257 414 494 502
3 5 57 89 129 281 353 494 502
3 5 57 89 129 281 361 369 510
3 5 57 89 137 257 270 406 486
3 5 57 89 137 281 361 497 510
3 5 57 89 153 225 257 494 502
3 5 57 89 153 233 241 257 510
3 5 57 89 153 233 265 497 510
3 5 57 89 153 257 270 278 486
3 5 57 89 153 257 286 494 502
3 5 57 89 153 281 481 494 502
3 5 57 89 153 281 489 497 510
3 5 57 94 174 241 310 361 409
3 5 57 94 201 246 337 366 414
3 5 57 126 190 318 457 465 481
3 5 57 126 190 318 473 489 497
3 5 57 193 265 273 289 382 446
3 5 57 193 281 297 305 382 446
3 5 57 193 321 385 462 470 486
3 5 57 201 209 225 257 382 446
3 5 57 201 246 337 366 414 417
3 5 57 201 246 350 353 401 430
3 5 57 201 265 337 366 414 417
3 5 57 201 265 350 353 401 430
3 5 57 217 233 241 257 382 446
3 5 57 217 257 270 278 358 422
3 5 57 217 345 409 489 497 510
3 5 57 222 225 329 374 401 430
3 5 57 222 286 329 374 401 430
3 5 57 254 382 446 473 489 497
3 5 121 129 142 150 166 313 454
3 5 121 129 142 150 281 422 454
3 5 121 129 142 265 406 422 454
3 5 121 129 190 313 478 494 502
3 5 121 129 257 398 406 422 454
3 5 121 129 257 446 478 494 502
3 5 121 129 265 273 289 321 510
3 5 121 129 265 305 337 353 510
3 5 121 129 265 369 414 430 462
3 5 121 129 265 369 446 478 494
3 5 121 129 281 289 329 337 510
3 5 121 129 281 297 305 321 510
3 5 121 129 281 297 329 369 510
3 5 121 129 281 361 369 446 478
3 5 121 129 313 321 462 470 486
3 5 121 129 313 321 478 494 502
3 5 121 129 313 329 337 353 510
3 5 121 129 313 329 369 478 494
3 5 121 129 313 345 353 494 502
3 5 121 129 313 345 361 369 510
3 5 121 137 145 161 193 257 510
3 5 121 137 177 209 225 257 510
3 5 121 137 241 257 414 430 462
3 5 121 137 241 257 446 478 494
3 5 121 137 257 270 406 422 454
3 5 121 137 281 297 329 497 510
3 5 121 137 313 345 361 497 510
3 5 121 153 161 201 209 257 510
3 5 121 153 169 177 193 257 510
3 5 121 153 169 201 241 257 510
3 5 121 153 169 201 265 497 510
3 5 121 153 174 214 286 433 457
3 5 121 153 233 241 257 446 478
3 5 121 153 257 270 278 422 454
3 5 121 153 313 345 489 497 510
3 5 121 158 169 230 302 433 457
3 5 121 158 230 302 342 433 457
3 5 121 158 281 302 342 433 457
3 5 121 185 193 257 462 470 486
3 5 121 185 193 257 478 494 502
3 5 121 185 201 209 225 257 510
3 5 121 185 201 241 257 478 494
3 5 121 185 217 225 257 494 502
3 5 121 185 217 233 241 257 510
3 5 121 185 217 233 265 497 510
3 5 121 185 217 281 489 497 510
3 5 121 185 257 270 278 294 454
3 5 121 185 257 318 478 494 502
3 5 121 185 313 449 462 470 486
3 5 121 185 313 473 489 497 510
3 5 121 254 382 393 401 417 449
3 5 121 254 382 441 473 489 497
3 5 249 257 270 278 294 326 390
3 5 249 257 382 446 478 494 502
3 5 249 265 273 289 321 385 510
3 5 249 265 273 353 417 449 510
3 5 249 265 286 302 334 398 497
3 5 249 265 305 321 401 417 510
3 5 249 265 305 337 353 385 510
3 5 249 265 305 337 401 481 510
3 5 249 265 369 401 417 449 510
3 5 249 265 369 433 465 481 510
3 5 249 265 382 446 478 494 497
3 5 249 281 289 321 393 401 510
3 5 249 281 289 329 337 385 510
3 5 249 281 289 329 393 465 510
3 5 249 281 297 305 321 385 510
3 5 249 281 297 321 393 433 510
3 5 249 281 297 329 369 385 510
3 5 249 281 297 329 393 497 510
3 5 249 281 318 350 414 489 497
3 5 249 281 361 425 457 497 510
3 5 249 281 382 446 478 489 497
3 5 249 313 321 393 401 417 510
3 5 249 313 321 409 425 433 510
3 5 249 313 329 337 353 385 510
3 5 249 313 329 409 425 497 510
3 5 249 313 345 361 369 385 510
3 5 249 313 345 361 393 497 510
3 5 249 313 345 409 489 497 510
3 5 249 313 382 446 473 489 497
3 5 249 377 385 398 406 422 454
3 5 249 377 385 446 478 494 502
3 5 249 377 393 401 417 449 510
3 5 249 377 393 414 430 462 497
3 5 249 377 393 433 465 481 510
3 5 249 377 393 446 478 494 497
3 5 249 377 409 417 457 465 510
3 5 249 377 409 425 433 449 510
3 5 249 377 409 425 457 497 510
3 5 249 377 409 446 478 489 497
3 5 249 377 441 449 462 470 486
3 5 249 377 441 449 478 494 502
3 5 249 377 441 457 465 481 510
3 5 249 377 441 457 478 494 497
3 5 249 377 441 473 481 494 502
3 5 249 377 441 473 489 497 510
3 13 54 69 145 234 289 346 390
3 13 54 81 106 161 289 410 454
3 13 54 81 133 234 289 326 410
3 13 54 81 145 234 282 289 454
3 13 54 81 154 161 273 362 454
3 13 54 81 161 198 261 362 410
3 13 54 90 97 145 273 426 454
3 13 118 145 161 202 314 321 390
3 13 118 145 170 193 289 346 390
3 13 118 145 234 282 289 321 390
3 13 118 154 161 193 273 362 390
3 13 118 186 193 273 289 330 390
3 13 30 46 78 142 270 501 505
3 13 30 110 181 217 313 341 398
3 13 30 117 174 217 313 334 405
3 13 30 117 185 206 302 345 405
3 13 62 78 213 233 345 357 398
3 13 62 85 105 206 334 409 421
3 13 62 85 153 206 286 361 421
3 13 62 85 158 233 281 334 421
3 13 62 94 149 233 281 357 398
3 13 62 206 270 341 361 409 421
3 13 62 213 233 281 293 334 398
3 13 126 149 169 318 345 357 462
3 13 126 149 233 281 357 430 462
3 13 126 181 201 313 325 414 430
3 13 126 181 217 238 297 325 414
3 13 126 181 222 233 281 325 430
3 13 126 190 213 233 281 293 462
3 13 254 382 446 478 494 501 505
3 13 49 65 129 261 265 478 494
3 13 49 65 129 273 289 502 506
3 13 49 65 133 137 222 273 494
3 13 49 65 133 137 257 478 494
3 13 49 65 133 261 393 478 494
3 13 49 65 133 273 289 374 506
3 13 49 65 145 161 246 261 506
3 13 49 65 145 161 257 502 506
3 13 49 65 145 261 265 350 494
3 13 49 65 145 273 417 502 506
3 13 49 65 214 234 346 358 385
3 13 49 69 73 94 145 273 494
3 13 49 69 73 94 238 366 401
3 13 49 69 73 129 222 273 494
3 13 49 69 73 129 257 478 494
3 13 49 69 73 145 257 350 494
3 13 49 69 129 261 329 478 494
3 13 49 69 129 273 289 438 506
3 13 49 69 133 201 222 273 494
3 13 49 69 133 201 257 478 494
3 13 49 69 133 261 457 478 494
3 13 49 69 133 273 289 310 506
3 13 49 69 145 161 182 261 506
3 13 49 69 145 161 257 438 506
3 13 49 69 145 261 329 350 494
3 13 49 69 145 273 417 438 506
3 13 49 69 150 234 294 346 385
3 13 49 81 97 118 133 261 506
3 13 49 81 97 118 250 378 389
3 13 49 81 97 129 246 261 506
3 13 49 81 97 129 257 502 506
3 13 49 81 97 133 257 374 506
3 13 49 81 129 261 265 414 494
3 13 49 81 129 273 353 502 506
3 13 49 81 133 137 158 273 494
3 13 49 81 133 137 257 414 494
3 13 49 81 133 261 393 414 494
3 13 49 81 133 273 353 374 506
3 13 49 81 145 225 246 261 506
3 13 49 81 145 225 257 502 506
3 13 49 81 145 261 265 286 494
3 13 49 81 145 273 481 502 506
3 13 49 81 150 234 282 358 385
3 13 49 86 106 193 321 410 422
3 13 49 86 133 234 294 321 410
3 13 49 86 145 234 282 321 422
3 13 49 86 154 193 273 362 422
3 13 49 86 166 193 261 362 410
3 13 49 193 257 342 362 410 422
3 13 49 197 273 289 310 378 442
3 13 49 197 325 389 457 478 494
3 13 49 209 261 265 286 366 430
3 13 49 209 337 401 481 502 506
3 13 49 214 234 282 294 321 385
3 13 113 129 261 265 414 430 462
3 13 113 129 273 289 321 502 506
3 13 113 129 305 337 353 502 506
3 13 113 133 137 158 174 305 462
3 13 113 133 137 158 273 430 462
3 13 113 133 137 257 414 430 462
3 13 113 133 261 393 414 430 462
3 13 113 133 273 289 321 374 506
3 13 113 133 305 337 353 374 506
3 13 113 145 161 193 246 261 506
3 13 113 145 161 193 257 502 506
3 13 113 145 261 265 286 430 462
3 13 113 145 305 337 481 502 506
3 13 113 177 209 225 246 261 506
3 13 113 177 209 225 257 502 506
3 13 113 177 209 273 481 502 506
3 13 113 177 261 265 286 302 462
3 13 113 177 305 465 481 502 506
3 13 241 261 265 286 302 334 398
3 13 241 273 289 321 385 502 506
3 13 241 273 353 417 449 502 506
3 13 241 305 321 401 417 502 506
3 13 241 305 337 353 385 502 506
3 13 241 305 337 401 481 502 506
3 13 241 369 401 417 449 502 506
3 13 241 369 433 465 481 502 506
3 13 21 25 33 65 129 257 510
3 13 21 25 33 65 254 382 385
3 13 21 25 33 126 190 318 449
3 13 21 25 33 126 193 321 446
3 13 21 25 33 193 257 382 446
3 13 21 25 33 254 318 321 385
3 13 21 25 62 94 158 286 481
3 13 21 25 62 94 225 353 414
3 13 21 25 62 97 161 289 478
3 13 21 25 62 97 222 350 417
3 13 21 25 62 222 286 353 417
3 13 21 25 62 225 289 350 414
3 13 21 25 97 129 190 289 478
3 13 21 25 97 129 257 446 478
3 13 21 25 97 161 257 318 478
3 13 21 25 126 158 161 318 449
3 13 21 25 126 158 286 417 449
3 13 21 25 126 190 286 289 449
3 13 21 25 225 257 318 350 414
3 13 21 25 254 286 289 321 385
3 13 21 33 38 69 133 261 506
3 13 21 33 38 69 250 378 389
3 13 21 33 38 122 186 314 453
3 13 21 33 38 122 197 325 442
3 13 21 33 38 197 261 378 442
3 13 21 33 38 250 314 325 389
3 13 21 33 65 102 133 261 506
3 13 21 33 65 102 250 378 389
3 13 21 33 65 129 230 261 506
3 13 21 33 65 129 257 486 506
3 13 21 33 65 129 261 281 510
3 13 21 33 65 133 153 257 510
3 13 21 33 65 133 257 358 506
3 13 21 33 65 133 261 409 510
3 13 21 33 69 89 129 257 510
3 13 21 33 69 89 254 382 385
3 13 21 33 69 129 166 261 506
3 13 21 33 69 129 257 422 506
3 13 21 33 69 129 261 345 510
3 13 21 33 69 133 217 257 510
3 13 21 33 69 133 257 294 506
3 13 21 33 69 133 261 473 510
3 13 21 33 193 261 281 382 446
3 13 21 33 193 321 385 486 506
3 13 21 33 197 257 294 378 442
3 13 21 33 197 325 389 473 510
3 13 21 37 57 65 129 257 510
3 13 21 37 57 65 254 382 385
3 13 21 37 57 126 190 318 449
3 13 21 37 57 126 193 321 446
3 13 21 37 57 193 257 382 446
3 13 21 37 57 254 318 321 385
3 13 21 37 65 70 133 261 506
3 13 21 37 65 70 250 378 389
3 13 21 37 65 129 198 261 506
3 13 21 37 65 129 257 454 506
3 13 21 37 65 129 261 313 510
3 13 21 37 65 133 185 257 510
3 13 21 37 65 133 257 326 506
3 13 21 37 65 133 261 441 510
3 13 21 37 69 121 129 257 510
3 13 21 37 69 121 254 382 385
3 13 21 37 69 129 134 261 506
3 13 21 37 69 129 257 390 506
3 13 21 37 69 129 261 377 510
3 13 21 37 69 133 249 257 510
3 13 21 37 69 133 257 262 506
3 13 21 37 69 133 261 505 510
3 13 21 37 193 261 313 382 446
3 13 21 37 193 321 385 454 506
3 13 21 37 197 257 262 378 442
3 13 21 37 197 325 389 505 510
3 13 21 97 129 261 281 446 478
3 13 21 97 129 289 321 486 506
3 13 21 97 133 153 190 289 478
3 13 21 97 133 153 257 446 478
3 13 21 97 133 261 409 446 478
3 13 21 97 133 289 321 358 506
3 13 21 97 161 193 230 261 506
3 13 21 97 161 193 257 486 506
3 13 21 97 161 261 281 318 478
3 13 21 97 161 289 449 486 506
3 13 21 97 166 218 314 326 385
3 13 21 97 186 198 294 346 385
3 13 21 101 129 134 186 293 474
3 13 21 101 129 134 261 442 474
3 13 21 101 129 257 390 442 474
3 13 21 101 129 293 325 377 510
3 13 21 101 133 257 262 442 474
3 13 21 101 133 293 325 505 510
3 13 21 101 165 197 249 257 510
3 13 21 101 165 197 261 505 510
3 13 21 101 165 257 262 314 474
3 13 21 101 165 293 453 505 510
3 13 21 101 185 222 318 345 389
3 13 21 101 190 217 313 350 389
3 13 21 102 161 218 314 321 390
3 13 21 102 186 193 289 346 390
3 13 21 121 165 222 318 325 409
3 13 21 121 190 197 293 350 409
3 13 21 122 161 198 294 321 410
3 13 21 122 166 193 289 326 410
3 13 21 126 165 217 313 325 414
3 13 21 126 185 197 293 345 414
3 13 21 225 261 281 318 350 414
3 13 21 225 289 321 385 486 506
3 13 21 225 353 417 449 486 506
3 13 21 229 257 262 314 346 410
3 13 21 229 293 325 389 505 510
3 13 21 229 357 421 453 505 510
3 13 53 57 65 129 257 478 494
3 13 53 65 70 90 149 277 490
3 13 53 65 70 90 234 362 405
3 13 53 65 70 133 218 277 490
3 13 53 65 70 133 261 474 490
3 13 53 65 70 149 261 346 490
3 13 53 65 129 198 218 277 490
3 13 53 65 129 198 261 474 490
3 13 53 65 129 257 454 474 490
3 13 53 65 129 277 293 313 510
3 13 53 65 133 257 326 474 490
3 13 53 65 133 277 293 441 510
3 13 53 65 149 165 185 257 510
3 13 53 65 149 165 261 441 510
3 13 53 65 149 257 326 346 490
3 13 53 65 149 277 421 441 510
3 13 53 65 153 238 297 350 389
3 13 53 69 129 134 218 277 490
3 13 53 69 129 134 261 474 490
3 13 53 69 129 257 390 474 490
3 13 53 69 129 277 293 377 510
3 13 53 69 133 257 262 474 490
3 13 53 69 133 277 293 505 510
3 13 53 69 149 165 249 257 510
3 13 53 69 149 165 261 505 510
3 13 53 69 149 257 262 346 490
3 13 53 69 149 277 421 505 510
3 13 53 69 217 238 350 361 389
3 13 53 69 222 233 345 366 389
3 13 53 85 101 121 129 257 510
3 13 53 85 101 121 254 382 385
3 13 53 85 101 129 261 377 510
3 13 53 85 101 133 249 257 510
3 13 53 85 101 133 261 505 510
3 13 53 85 129 134 154 277 490
3 13 53 85 129 134 261 410 490
3 13 53 85 129 257 390 410 490
3 13 53 85 129 277 357 377 510
3 13 53 85 133 257 262 410 490
3 13 53 85 133 277 357 505 510
3 13 53 85 149 229 249 257 510
3 13 53 85 149 229 261 505 510
3 13 53 85 149 257 262 282 490
3 13 53 85 149 277 485 505 510
3 13 53 89 110 158 286 425 453
3 13 53 89 129 238 297 325 414
3 13 53 89 169 197 257 366 414
3 13 53 89 238 366 414 425 453
3 13 53 94 105 174 302 409 453
3 13 53 94 153 174 286 361 453
3 13 53 94 158 233 281 302 453
3 13 53 193 277 293 313 382 446
3 13 53 193 321 385 454 474 490
3 13 53 197 261 345 366 414 425
3 13 53 197 261 350 361 409 430
3 13 53 213 257 262 282 362 426
3 13 53 213 341 405 485 505 510
3 13 53 217 238 297 350 414 453
3 13 53 222 233 281 366 430 453
3 13 117 121 129 257 414 430 462
3 13 117 121 129 257 446 478 494
3 13 117 129 134 154 170 309 458
3 13 117 129 134 154 277 426 458
3 13 117 129 134 261 410 426 458
3 13 117 129 257 390 410 426 458
3 13 117 129 277 293 325 377 510
3 13 117 129 309 341 357 377 510
3 13 117 133 257 262 410 426 458
3 13 117 133 277 293 325 505 510
3 13 117 133 309 341 357 505 510
3 13 117 149 165 197 249 257 510
3 13 117 149 165 197 261 505 510
3 13 117 149 257 262 282 426 458
3 13 117 149 309 341 485 505 510
3 13 117 153 174 206 286 361 389
3 13 117 153 238 318 350 361 389
3 13 117 158 169 206 302 345 389
3 13 117 158 174 201 313 334 389
3 13 117 158 233 281 302 334 389
3 13 117 181 213 229 249 257 510
3 13 117 181 213 229 261 505 510
3 13 117 181 213 277 485 505 510
3 13 117 181 257 262 282 298 458
3 13 117 181 309 469 485 505 510
3 13 117 185 206 286 302 329 389
3 13 117 185 222 238 318 329 389
3 13 117 190 201 313 350 366 389
3 13 117 190 217 238 297 350 389
3 13 117 190 222 233 281 366 389
3 13 245 249 257 286 302 334 398
3 13 245 249 257 382 446 478 494
3 13 245 257 262 282 298 330 394
3 13 245 277 293 325 389 505 510
3 13 245 277 357 421 453 505 510
3 13 245 309 325 405 421 505 510
3 13 245 309 341 357 389 505 510
3 13 245 309 341 405 485 505 510
3 13 245 373 405 421 453 505 510
3 13 245 373 437 469 485 505 510
3 29 102 169 209 305 329 389 410
3 29 102 170 210 306 330 390 481
3 29 46 53 58 214 342 406 489
3 29 46 53 58 233 361 425 470
3 29 46 54 57 218 346 410 485
3 29 46 54 57 229 357 421 474
3 29 46 77 165 250 297 374 398
3 29 46 78 150 249 282 373 397
3 29 46 86 121 154 282 437 461
3 29 46 86 142 249 282 333 437
3 29 46 86 150 249 282 309 461
3 29 46 86 154 181 278 377 461
3 29 46 86 154 205 270 377 437
3 29 46 101 122 169 297 438 462
3 29 46 101 141 250 297 334 438
3 29 46 101 165 250 297 310 462
3 29 46 101 169 182 293 378 462
3 29 46 101 169 206 269 378 438
3 29 110 113 165 201 297 325 402
3 29 110 141 150 154 302 334 497
3 29 110 141 270 293 329 442 470
3 29 110 142 165 201 269 442 470
3 29 110 174 206 269 278 282 497
3 29 110 229 250 361 374 430 462
3 29 238 241 293 378 442 457 470
3 29 238 241 357 378 393 438 470
3 29 238 269 278 282 369 433 465
3 29 238 270 293 314 329 393 470
3 29 238 270 293 325 378 393 406
3 29 238 270 293 329 342 389 442
3 29 238 302 357 378 425 438 462
3 29 238 366 398 421 442 457 470
3 29 62 94 158 286 485 489 497
3 29 62 94 158 286 493 501 505
3 29 126 165 169 209 305 333 414
3 29 126 165 201 209 313 325 414
3 29 126 165 217 297 305 325 414
3 29 126 165 217 313 333 341 414
3 29 126 173 181 217 313 325 414
3 29 126 173 209 305 325 329 414
3 29 126 173 209 309 313 333 414
3 29 126 173 213 217 305 333 414
3 29 254 382 446 478 493 501 505
3 29 225 261 265 273 318 350 414
3 29 225 269 277 281 318 350 414
3 29 225 289 321 385 486 490 498
3 29 225 353 417 449 486 490 498
3 29 101 105 113 129 257 446 478
3 29 101 105 177 222 318 337 397
3 29 101 105 190 209 305 350 397
3 29 101 122 169 209 305 329 390
3 29 101 129 170 210 305 329 390
3 29 101 129 174 250 297 438 462
3 29 101 129 250 297 337 438 462
3 29 101 129 261 297 337 438 462
3 29 101 133 169 209 257 438 462
3 29 101 133 261 425 438 462 465
3 29 101 133 261 430 433 457 470
3 29 101 141 177 250 297 438 465
3 29 101 165 201 250 297 462 465
3 29 101 169 177 222 318 345 389
3 29 101 169 182 209 305 330 389
3 29 101 169 197 250 329 430 433
3 29 101 169 201 246 366 369 389
3 29 101 169 206 209 306 329 389
3 29 101 169 209 257 306 330 390
3 29 101 169 209 257 378 438 462
3 29 101 169 210 302 305 329 389
3 29 101 169 257 302 378 438 462
3 29 101 169 269 305 378 438 465
3 29 101 169 293 329 378 462 465
3 29 101 169 297 389 438 462 465
3 29 101 170 209 305 329 342 389
3 29 101 174 177 201 297 338 389
3 29 101 185 222 318 329 337 389
3 29 101 185 222 318 345 397 405
3 29 101 190 201 209 313 350 389
3 29 101 190 217 297 305 350 389
3 29 101 190 217 313 350 397 405
3 29 101 233 246 305 337 366 389
3 29 101 233 246 366 369 421 453
3 29 101 238 241 297 329 374 389
3 29 101 238 241 361 374 421 453
3 29 101 250 378 425 438 462 465
3 29 101 250 378 430 433 457 470
3 29 229 233 241 257 318 350 414
3 29 229 250 297 374 438 462 465
3 29 229 250 361 374 401 430 462
3 29 229 250 366 369 393 438 470
3 29 229 261 297 310 334 398 465
3 29 229 261 297 374 438 462 465
3 29 229 261 302 305 342 406 457
3 29 229 261 302 329 342 398 433
3 29 229 261 302 334 369 393 406
3 29 229 261 361 374 401 430 462
3 29 229 261 366 369 393 438 470
3 29 229 293 361 374 430 433 453
3 29 229 293 366 369 425 438 453
3 29 229 357 389 425 438 462 465
3 29 229 357 389 430 433 457 470
3 29 45 49 65 129 257 502 506
3 29 45 53 57 65 129 257 510
3 29 45 53 57 65 254 382 385
3 29 45 53 57 126 190 318 449
3 29 45 53 57 126 193 321 446
3 29 45 53 57 193 257 382 446
3 29 45 53 57 254 318 321 385
3 29 45 53 65 129 261 313 510
3 29 45 53 65 133 185 257 510
3 29 45 53 65 133 261 441 510
3 29 45 53 69 121 129 257 510
3 29 45 53 69 121 254 382 385
3 29 45 53 69 129 261 377 510
3 29 45 53 69 133 249 257 510
3 29 45 53 69 133 261 505 510
3 29 45 53 193 261 313 382 446
3 29 45 54 58 206 334 398 497
3 29 45 54 58 241 369 433 462
3 29 45 65 70 74 141 269 498
3 29 45 65 70 74 242 370 397
3 29 45 65 70 133 202 269 498
3 29 45 65 70 133 261 458 498
3 29 45 65 70 141 261 330 498
3 29 45 65 78 141 269 502 506
3 29 45 65 129 198 202 269 498
3 29 45 65 129 198 261 458 498
3 29 45 65 129 206 269 502 506
3 29 45 65 129 257 454 458 498
3 29 45 65 129 257 462 502 506
3 29 45 65 129 269 305 502 506
3 29 45 65 129 269 309 313 510
3 29 45 65 133 257 326 458 498
3 29 45 65 133 269 309 441 510
3 29 45 65 141 177 257 502 506
3 29 45 65 141 181 185 257 510
3 29 45 65 141 181 261 441 510
3 29 45 65 141 257 326 330 498
3 29 45 65 141 257 334 502 506
3 29 45 65 141 269 433 502 506
3 29 45 65 141 269 437 441 510
3 29 45 69 129 134 202 269 498
3 29 45 69 129 134 261 458 498
3 29 45 69 129 257 390 458 498
3 29 45 69 129 269 309 377 510
3 29 45 69 133 257 262 458 498
3 29 45 69 133 269 309 505 510
3 29 45 69 141 181 249 257 510
3 29 45 69 141 181 261 505 510
3 29 45 69 141 257 262 330 498
3 29 45 69 141 269 437 505 510
3 29 45 77 113 129 257 502 506
3 29 45 77 117 121 129 257 510
3 29 45 77 117 121 254 382 385
3 29 45 77 117 129 261 377 510
3 29 45 77 117 133 249 257 510
3 29 45 77 117 133 261 505 510
3 29 45 77 129 134 138 269 498
3 29 45 77 129 134 261 394 498
3 29 45 77 129 142 269 502 506
3 29 45 77 129 257 390 394 498
3 29 45 77 129 257 398 502 506
3 29 45 77 129 269 369 502 506
3 29 45 77 129 269 373 377 510
3 29 45 77 133 257 262 394 498
3 29 45 77 133 269 373 505 510
3 29 45 77 141 241 257 502 506
3 29 45 77 141 245 249 257 510
3 29 45 77 141 245 261 505 510
3 29 45 77 141 257 262 266 498
3 29 45 77 141 257 270 502 506
3 29 45 77 141 269 497 502 506
3 29 45 77 141 269 501 505 510
3 29 45 78 197 250 329 374 398
3 29 45 113 197 250 329 374 433
3 29 45 193 269 309 313 382 446
3 29 45 193 321 385 454 458 498
3 29 45 205 257 262 266 370 434
3 29 45 205 333 397 501 505 510
3 29 45 206 270 325 378 393 438
3 29 45 241 305 325 378 393 438
3 29 109 117 121 129 257 446 478
3 29 109 117 185 222 318 345 389
3 29 109 117 190 217 313 350 389
3 29 109 129 134 138 178 301 466
3 29 109 129 134 138 269 434 466
3 29 109 129 134 261 394 434 466
3 29 109 129 182 218 313 341 398
3 29 109 129 257 390 394 434 466
3 29 109 129 301 333 373 377 510
3 29 109 133 257 262 394 434 466
3 29 109 133 301 333 373 505 510
3 29 109 141 257 262 266 434 466
3 29 109 141 301 333 501 505 510
3 29 109 173 205 245 249 257 510
3 29 109 173 205 245 261 505 510
3 29 109 173 205 269 501 505 510
3 29 109 173 257 262 266 306 466
3 29 109 173 301 461 501 505 510
3 29 109 177 222 318 337 389 393
3 29 109 177 222 318 341 345 397
3 29 109 181 185 222 318 337 397
3 29 109 181 217 257 314 342 398
3 29 109 190 209 305 350 389 393
3 29 109 190 209 309 313 350 397
3 29 109 190 213 217 305 350 397
3 29 237 245 249 257 318 350 414
3 29 237 245 249 257 382 446 478
3 29 237 257 262 266 306 338 402
3 29 237 301 333 397 501 505 510
3 29 237 365 429 461 501 505 510
3 61 94 166 249 314 365 373 413
3 61 94 174 245 249 306 365 413
3 61 94 197 250 345 366 374 414
3 61 94 205 246 250 337 366 414
3 61 222 225 325 378 409 430 438
3 61 222 225 333 374 378 401 430
3 61 222 229 250 329 374 401 430
3 61 222 238 241 325 378 393 438
3 61 222 286 325 378 409 430 438
3 61 222 286 333 374 378 401 430
3 61 126 190 318 453 457 465 481
3 61 126 190 318 477 493 501 505
3 61 254 382 446 477 493 501 505
3 61 205 241 257 342 362 410 422
3 61 205 246 250 337 366 414 417
3 61 205 246 250 350 353 401 430
3 61 205 257 270 342 362 410 422
3 61 205 261 265 337 366 414 417
3 61 205 261 265 350 353 401 430
3 61 205 261 270 342 361 409 422
3 61 205 261 270 345 358 406 425
3 61 205 269 337 366 414 421 425
3 61 205 269 341 345 366 414 417
3 61 205 269 350 353 405 409 430
3 61 205 269 350 357 361 401 430
3 61 93 97 129 257 486 490 498
3 61 93 97 129 257 494 502 506
3 61 93 101 105 113 129 257 510
3 61 93 101 105 113 254 382 385
3 61 93 101 121 129 257 494 502
3 61 93 101 233 246 366 369 389
3 61 93 101 238 241 361 374 389
3 61 93 109 113 129 257 502 506
3 61 93 109 117 121 129 257 510
3 61 93 109 117 121 254 382 385
3 61 93 109 117 129 261 377 510
3 61 93 109 117 133 249 257 510
3 61 93 109 117 133 261 505 510
3 61 93 109 129 269 373 377 510
3 61 93 109 133 269 373 505 510
3 61 93 109 141 245 249 257 510
3 61 93 109 141 245 261 505 510
3 61 93 109 141 269 501 505 510
3 61 93 109 142 270 389 393 498
3 61 93 129 134 138 146 285 482
3 61 93 129 134 138 269 402 482
3 61 93 129 134 261 394 402 482
3 61 93 129 158 285 494 502 506
3 61 93 129 257 390 394 402 482
3 61 93 129 257 414 494 502 506
3 61 93 129 285 353 486 490 498
3 61 93 129 285 365 373 377 510
3 61 93 133 257 262 394 402 482
3 61 93 133 285 365 373 505 510
3 61 93 141 257 262 266 402 482
3 61 93 141 285 365 501 505 510
3 61 93 157 225 257 486 490 498
3 61 93 157 237 245 249 257 510
3 61 93 157 237 245 261 505 510
3 61 93 157 237 269 501 505 510
3 61 93 157 257 262 266 274 482
3 61 93 157 257 286 494 502 506
3 61 93 157 285 481 486 490 498
3 61 93 157 285 493 501 505 510
3 61 221 237 245 249 257 382 446
3 61 221 257 262 266 274 354 418
3 61 221 349 413 493 501 505 510
3 125 254 382 389 393 401 417 449
3 125 254 382 445 477 493 501 505
3 125 189 193 257 454 458 466 482
3 125 189 193 257 478 494 502 506
3 125 189 197 201 209 225 257 510
3 125 189 197 217 233 241 257 510
3 125 189 197 249 257 462 470 486
3 125 189 197 249 257 478 494 502
3 125 189 205 209 229 233 257 510
3 125 189 205 213 217 225 257 510
3 125 189 205 213 229 249 257 510
3 125 189 205 213 229 261 505 510
3 125 189 205 214 234 270 473 485
3 125 189 205 245 249 257 478 494
3 125 189 206 213 242 278 473 485
3 125 189 206 242 278 298 473 485
3 125 189 221 225 257 486 490 498
3 125 189 221 225 257 494 502 506
3 125 189 221 229 233 241 257 510
3 125 189 221 229 249 257 494 502
3 125 189 221 237 241 257 502 506
3 125 189 221 237 245 249 257 510
3 125 189 221 237 245 261 505 510
3 125 189 221 237 269 501 505 510
3 125 189 221 257 270 278 282 482
3 125 189 221 257 286 486 490 498
3 125 189 221 285 493 501 505 510
3 125 189 257 262 266 274 290 450
3 125 189 257 318 478 494 502 506
3 125 189 317 449 454 458 466 482
3 125 189 317 477 493 501 505 510
3 253 381 385 390 394 402 418 450
3 253 381 385 446 478 494 502 506
3 253 381 389 393 401 417 449 510
3 253 381 389 393 433 465 481 510
3 253 381 389 398 406 422 454 505
3 253 381 389 409 417 457 465 510
3 253 381 389 409 425 433 449 510
3 253 381 389 409 425 457 497 510
3 253 381 389 441 457 465 481 510
3 253 381 389 441 473 489 497 510
3 253 381 389 446 478 494 502 505
3 253 381 397 401 417 453 457 510
3 253 381 397 401 421 425 449 510
3 253 381 397 401 421 453 489 510
3 253 381 397 405 409 417 449 510
3 253 381 397 405 417 453 473 510
3 253 381 397 405 421 441 449 510
3 253 381 397 405 421 453 505 510
3 253 381 397 414 430 462 501 505
3 253 381 397 437 469 485 505 510
3 253 381 397 446 478 494 501 505
3 253 381 413 417 453 457 465 510
3 253 381 413 417 461 469 473 510
3 253 381 413 421 425 433 449 510
3 253 381 413 421 461 469 505 510
3 253 381 413 429 437 441 449 510
3 253 381 413 429 437 453 505 510
3 253 381 413 429 461 501 505 510
3 253 381 413 446 478 493 501 505
3 253 381 445 449 454 458 466 482
3 253 381 445 449 478 494 502 506
3 253 381 445 453 457 465 481 510
3 253 381 445 453 462 470 486 505
3 253 381 445 453 473 489 497 510
3 253 381 445 453 478 494 502 505
3 253 381 445 461 465 485 489 510
3 253 381 445 461 469 473 481 510
3 253 381 445 461 469 485 505 510
3 253 381 445 461 478 494 501 505
3 253 381 445 477 481 486 490 498
3 253 381 445 477 481 494 502 506
3 253 381 445 477 485 489 497 510
3 253 381 445 477 485 494 502 505
3 253 381 445 477 493 497 502 506
3 253 381 445 477 493 501 505 510
7 25 42 52 76 140 268 466 481
7 25 42 52 82 146 274 460 481
7 25 42 52 97 161 289 460 466
7 25 42 52 204 332 396 466 481
7 25 42 52 210 338 402 460 481
7 25 42 52 225 353 417 460 466
7 25 42 67 116 204 332 402 417
7 25 42 67 131 244 274 289 460
7 25 42 67 146 161 259 372 460
7 25 42 67 244 372 402 417 460
7 25 42 73 116 210 338 396 417
7 25 42 73 137 244 268 289 466
7 25 42 73 140 161 265 372 466
7 25 42 73 244 372 396 417 466
7 25 42 74 116 225 353 396 402
7 25 42 74 138 244 268 274 481
7 25 42 74 140 146 266 372 481
7 25 42 74 244 372 396 402 481
7 25 42 76 82 138 266 436 481
7 25 42 76 97 137 265 436 466
7 25 42 82 97 131 259 436 460
7 25 42 116 180 308 460 466 481
7 25 42 204 210 266 308 353 417
7 25 42 204 210 266 372 436 481
7 25 42 204 225 265 308 338 402
7 25 42 204 225 265 372 436 466
7 25 42 210 225 259 308 332 396
7 25 42 210 225 259 372 436 460
7 25 42 244 372 436 460 466 481
7 25 106 116 140 268 402 417 449
7 25 106 116 140 268 434 466 481
7 25 106 116 146 274 396 417 449
7 25 106 116 146 274 428 460 481
7 25 106 116 161 204 300 321 402
7 25 106 116 161 210 306 321 396
7 25 106 116 172 193 289 332 402
7 25 106 116 178 193 289 338 396
7 25 106 131 180 212 274 353 396
7 25 106 131 244 274 353 428 460
7 25 106 137 180 212 268 353 402
7 25 106 137 244 268 353 434 466
7 25 106 140 146 298 330 372 481
7 25 106 140 225 265 308 340 402
7 25 106 140 225 265 372 434 466
7 25 106 146 225 259 308 340 396
7 25 106 146 225 259 372 428 460
7 25 106 161 204 210 308 321 394
7 25 106 161 212 300 306 321 394
7 25 106 161 212 308 321 396 402
7 25 106 170 202 244 268 274 481
7 25 106 172 178 193 289 340 394
7 25 106 180 193 289 332 338 394
7 25 106 180 193 289 340 396 402
7 25 234 244 268 274 289 321 385
7 25 234 244 268 274 353 417 449
7 25 234 244 268 306 338 402 481
7 25 234 244 268 370 434 466 481
7 25 234 244 274 300 332 396 481
7 25 234 244 274 364 428 460 481
7 25 110 161 214 310 323 325 398
7 25 110 163 165 214 310 321 398
7 25 110 182 193 291 293 342 398
7 25 110 182 195 197 289 342 398
7 25 97 170 180 204 300 338 385
7 25 97 170 180 210 306 332 385
7 25 97 170 204 210 308 330 385
7 25 97 170 212 300 306 330 385
7 25 97 170 212 308 332 338 385
7 25 97 174 214 310 334 387 389
7 25 97 186 220 316 346 393 401
7 25 97 234 244 364 370 417 449
7 25 225 289 362 372 428 434 449
7 25 225 353 385 426 436 460 466
7 25 99 101 174 214 310 334 385
7 25 99 131 265 273 282 444 476
7 25 99 131 291 323 485 494 502
7 25 99 137 145 154 188 291 476
7 25 99 137 145 154 259 444 476
7 25 99 137 265 401 410 444 476
7 25 99 137 291 323 357 366 502
7 25 99 163 195 229 238 265 502
7 25 99 163 195 259 485 494 502
7 25 99 163 265 273 282 316 476
7 25 99 163 291 451 485 494 502
7 25 227 265 273 282 316 348 412
7 25 227 291 323 387 485 494 502
7 25 227 355 419 451 485 494 502
7 57 202 210 228 284 290 321 385
7 57 202 210 228 284 354 418 449
7 57 202 212 226 274 300 321 385
7 57 202 212 226 300 338 402 449
7 57 202 212 228 268 306 321 385
7 57 202 212 228 306 332 396 449
7 57 202 212 281 300 306 353 417
7 57 90 100 140 178 276 298 449
7 57 90 100 140 209 276 329 418
7 57 90 100 162 290 396 404 449
7 57 90 100 162 290 412 457 465
7 57 90 100 193 321 396 404 418
7 57 90 100 193 321 412 426 434
7 57 90 105 116 209 337 396 418
7 57 90 106 116 178 306 396 449
7 57 90 108 113 201 329 404 418
7 57 90 108 114 170 298 404 449
7 57 90 108 116 156 284 418 449
7 57 90 131 140 228 298 329 404
7 57 90 131 228 290 321 396 404
7 57 90 131 236 244 290 321 412
7 57 90 140 148 162 282 356 449
7 57 90 140 148 193 281 356 418
7 57 90 153 228 268 276 321 418
7 57 90 153 228 284 329 337 418
7 57 90 154 228 268 276 290 449
7 57 90 154 228 284 298 306 449
7 57 90 156 170 178 282 356 449
7 57 90 156 201 209 281 356 418
7 57 90 162 193 259 356 396 404
7 57 90 162 193 259 364 372 412
7 57 90 170 201 259 268 356 404
7 57 90 228 356 396 404 418 449
7 57 218 234 244 268 306 321 385
7 57 218 236 242 276 298 321 385
7 57 218 236 244 284 290 321 385
7 57 217 259 261 270 278 358 422
7 57 217 345 409 489 497 506 508
7 121 186 196 268 276 292 322 385
7 121 186 196 284 300 308 322 385
7 121 186 196 316 322 393 401 417
7 121 186 196 316 322 409 425 433
7 121 186 196 316 330 338 354 385
7 121 186 196 316 346 362 370 385
7 121 186 204 212 228 316 322 385
7 121 186 204 241 276 292 322 393
7 121 186 204 242 276 292 330 385
7 121 186 217 228 268 276 322 417
7 121 186 217 233 244 268 322 433
7 121 186 217 236 241 276 322 425
7 121 186 218 228 268 276 354 385
7 121 186 218 234 244 268 370 385
7 121 186 218 236 242 276 362 385
7 121 186 220 233 241 292 322 409
7 121 186 220 234 242 292 346 385
7 121 186 220 236 244 316 322 385
15 51 60 85 90 150 278 409 486
15 51 60 85 90 153 281 406 489
15 51 60 85 102 150 278 421 474
15 51 60 85 102 165 293 406 489
15 51 60 85 105 153 281 421 474
15 51 60 85 105 165 293 409 486
15 51 60 85 149 218 278 281 485
15 51 60 85 149 230 278 293 473
15 51 60 85 149 233 281 293 470
15 51 60 85 149 277 470 473 485
15 51 60 85 149 277 474 486 489
15 51 60 85 150 153 277 346 485
15 51 60 85 150 165 277 358 473
15 51 60 85 153 165 277 361 470
15 51 60 85 214 342 405 473 485
15 51 60 85 217 345 405 470 485
15 51 60 85 229 357 405 470 473
15 51 60 213 277 342 406 473 485
15 51 60 213 277 345 409 470 485
15 51 60 213 277 357 421 470 473
15 51 60 213 341 405 470 473 485
15 51 60 213 341 405 474 486 489
15 51 124 188 316 469 474 486 489
15 51 252 380 444 469 474 486 489
15 51 85 89 110 195 323 414 429
15 51 85 89 147 238 286 323 429
15 51 85 89 158 195 275 366 429
15 51 85 90 102 150 278 444 451
15 51 85 90 102 195 323 406 489
15 51 85 90 105 153 281 444 451
15 51 85 90 105 195 323 409 486
15 51 85 90 147 188 278 281 483
15 51 85 90 147 230 278 323 441
15 51 85 90 147 233 281 323 438
15 51 85 90 147 275 438 441 483
15 51 85 90 147 275 444 486 489
15 51 85 90 150 153 275 316 483
15 51 85 90 150 195 275 358 441
15 51 85 90 153 195 275 361 438
15 51 85 90 182 310 403 441 483
15 51 85 90 185 313 403 438 483
15 51 85 90 227 355 403 438 441
15 51 85 99 124 165 293 470 473
15 51 85 99 135 252 293 342 473
15 51 85 99 165 214 263 380 473
15 51 85 101 122 195 323 438 441
15 51 85 101 135 250 310 323 441
15 51 85 101 182 195 263 378 441
15 51 85 102 105 165 293 444 451
15 51 85 102 105 195 323 421 474
15 51 85 102 135 188 278 293 459
15 51 85 102 135 218 278 323 429
15 51 85 102 135 233 293 323 414
15 51 85 102 135 263 414 429 459
15 51 85 102 135 263 444 474 489
15 51 85 102 150 165 263 316 459
15 51 85 102 150 195 263 346 429
15 51 85 102 158 286 391 429 459
15 51 85 102 165 195 263 361 414
15 51 85 102 173 301 391 414 459
15 51 85 102 203 331 391 414 429
15 51 85 135 153 188 277 474 489
15 51 85 135 153 218 275 444 489
15 51 85 135 238 278 293 323 409
15 51 85 135 263 409 444 474 489
15 51 85 135 275 293 358 444 489
15 51 85 135 277 323 358 474 489
15 51 85 147 165 188 277 486 489
15 51 85 147 165 230 263 444 489
15 51 85 147 250 278 281 323 421
15 51 85 147 263 281 346 444 489
15 51 85 147 275 421 444 486 489
15 51 85 147 277 323 346 486 489
15 51 85 149 195 218 275 486 489
15 51 85 149 195 230 263 474 489
15 51 85 149 252 278 281 293 451
15 51 85 149 263 281 316 474 489
15 51 85 149 275 293 316 486 489
15 51 85 149 277 451 474 486 489
15 51 85 150 153 165 277 380 451
15 51 85 150 153 195 275 378 421
15 51 85 150 165 195 263 366 409
15 51 85 153 238 286 301 331 391
15 51 85 158 173 203 281 366 391
15 51 85 165 250 310 313 355 403
15 51 85 182 185 227 293 378 403
15 51 85 195 252 342 345 357 405
15 51 85 214 217 229 323 380 405
15 51 213 218 275 310 313 355 419
15 51 213 218 275 380 444 486 489
15 51 213 230 263 286 301 331 395
15 51 213 230 263 380 444 474 489
15 51 213 277 323 380 406 409 421
15 51 213 277 342 345 357 387 444
15 51 213 278 281 293 323 387 490
15 51 213 341 405 451 474 486 489
15 51 195 263 267 349 366 414 429
15 51 195 275 291 373 378 438 441
15 51 195 323 387 469 474 486 489
15 115 188 211 236 341 346 422 425
15 115 188 220 227 357 362 406 409
15 115 124 149 277 406 409 421 453
15 115 124 149 277 442 474 486 489
15 115 124 181 309 410 426 454 457
15 115 124 181 309 438 441 469 485
15 115 181 185 206 286 302 333 387
15 115 181 186 307 348 364 454 457
15 115 181 186 307 374 377 467 483
15 115 181 198 263 286 302 333 395
15 115 181 198 263 380 442 473 489
15 115 181 211 227 252 325 438 441
15 115 181 213 229 250 374 377 387
15 115 181 263 313 380 442 473 489
15 115 181 307 325 348 364 454 457
15 115 181 309 387 410 426 454 457
15 243 252 277 282 294 326 390 489
15 243 252 277 282 297 329 393 486
15 243 252 277 282 358 422 454 489
15 243 252 277 282 361 425 457 486
15 243 252 277 293 325 378 390 393
15 243 252 277 293 326 329 389 442
15 243 252 277 293 378 442 454 457
15 243 252 277 294 297 325 389 474
15 243 252 277 314 346 410 486 489
15 243 252 277 358 361 389 442 474
15 243 252 277 378 442 474 486 489
15 243 252 309 314 326 390 473 489
15 243 252 309 314 329 393 470 486
15 243 252 309 326 329 405 421 442
15 243 252 309 341 357 378 390 393
15 243 252 373 378 390 409 425 457
15 243 252 373 378 390 441 473 489
15 243 252 373 378 393 406 422 454
15 243 252 373 378 393 438 470 486
