8 89
3 5 6
3 5 14
3 5 30
3 5 62
3 5 126
3 5 254
3 5 9
3 5 25
3 5 57
3 5 121
3 5 249
3 13 22
3 13 54
3 13 118
3 13 246
3 13 14
3 13 30
3 13 62
3 13 126
3 13 254
3 13 49
3 13 113
3 13 241
3 13 21
3 13 53
3 13 117
3 13 245
3 29 102
3 29 230
3 29 46
3 29 110
3 29 238
3 29 30
3 29 62
3 29 126
3 29 254
3 29 225
3 29 101
3 29 229
3 29 45
3 29 109
3 29 237
3 61 206
3 61 94
3 61 222
3 61 62
3 61 126
3 61 254
3 61 205
3 61 93
3 61 221
3 125 190
3 125 126
3 125 254
3 125 189
3 253 254
7 25 42
7 25 106
7 25 234
7 25 46
7 25 110
7 25 238
7 25 97
7 25 225
7 25 99
7 25 227
7 57 202
7 57 90
7 57 218
7 57 122
7 57 250
7 57 206
7 57 201
7 57 217
7 121 186
7 121 250
15 51 212
15 51 60
15 51 124
15 51 252
15 51 85
15 51 213
15 51 195
15 115 188
15 115 124
15 115 252
15 115 181
15 243 252
